(10000,9,5019,5030,5041)
(10001,9,5025,5030,5041,5052,5058)
(10002,5,5029,5040,5046,5047,5053,5059)
(10003,9,5038,5027,5022,5017,5006,5001,5002,5003)
(10004,2,5020,5031,5037,5043)
(10005,2,5040,5029,5018,5013,5014,5009,5003)
(10006,5,5018,5029,5040,5046,5047,5053,5059)
(10007,8,5016,5027,5033,5034,5040,5051)
(10008,11,5052,5046,5040,5029,5018,5007,5001,5000)
(10009,6,5027,5033,5034,5040,5051)
(10010,9,5017,5028,5034,5035,5041,5046)
(10011,12,5002,5003,5009,5020,5026,5032)
(10012,8,5028,5039,5050)
(10013,6,5027,5016,5005)
(10014,8,5002,5003,5009,5020,5031)
(10015,2,5029,5023,5017,5006)
(10016,2,5001,5007,5018,5029,5040,5045)
(10017,6,5029,5018,5007,5001,5000)
(10018,1,5028,5039,5050)
(10019,8,5047,5046,5040,5034,5033,5027,5016,5011,5006,5001)
(10020,5,5049,5044,5039,5028,5017,5006)
(10021,6,5018,5029,5040)
(10022,4,5014,5015,5021,5032,5043,5048,5053)
(10023,5,5045,5040,5029,5018,5013,5014,5009,5003)
(10024,12,5028,5017,5006)
(10025,4,5002,5007,5018,5029,5040,5046,5041)
(10026,2,5016,5027,5033,5034,5040,5046,5047)
(10027,9,5030,5019,5014,5009,5003)
(10028,2,5019,5030,5041,5046,5051)
(10029,5,5046,5040,5034,5033,5027,5016)
(10030,9,5051,5040,5029,5018,5013,5014,5009,5003)
(10031,1,5031,5026,5021,5010,5004)
(10032,6,5055,5050,5045,5040,5029,5018)
(10033,8,5029,5040,5046,5047,5053,5059)
(10034,5,5043,5032,5021,5010)
(10035,9,5052,5041,5030,5019,5014,5015,5010,5004)
(10036,4,5051,5040,5029,5018)
(10037,11,5045,5040,5029,5018,5013,5014,5009,5004)
(10038,5,5033,5027,5016,5011,5006,5000)
(10039,5,5055,5050,5045,5040,5029,5018)
(10040,2,5003,5002,5007,5018,5029,5040,5045)
(10041,4,5033,5027,5016,5011,5006,5000)
(10042,1,5045,5040,5029,5018,5013,5014,5015,5010,5004)
(10043,2,5007,5018,5029,5040,5046,5041)
(10044,12,5050,5039,5033,5027,5016,5011,5017)
(10045,2,5043,5037,5036,5041,5046,5040,5034,5033,5027,5016)
(10046,1,5041,5030,5019)
(10047,2,5031,5025,5024,5023,5017,5006)
(10048,8,5037,5031,5026,5021,5010,5004,5003)
(10049,6,5037,5036,5041,5046,5040,5029,5018,5007)
(10050,6,5038,5027,5016,5005)
(10051,11,5045,5040,5029,5018,5013,5014,5015,5010,5004)
(10052,9,5025,5030,5041,5052,5058)
(10053,2,5029,5018,5007)
(10054,12,5032,5043,5054)
(10055,4,5028,5017,5006)
(10056,9,5017,5028,5034,5040,5051)
(10057,4,5019,5025,5031,5037,5043)
(10058,6,5052,5046,5040,5034,5033,5027,5016)
(10059,11,5010,5004,5003,5002,5007,5018,5029,5040,5045,5050)
(10060,11,5049,5038,5027,5016)
(10061,11,5016,5027,5033,5034,5040,5046,5047)
(10062,5,5038,5027,5016)
(10063,9,5059,5058,5052,5046,5040,5034,5028,5023)
(10064,12,5032,5043,5054)
(10065,2,5032,5021,5010)
(10066,5,5020,5031,5042,5047,5046,5051)
(10067,11,5048,5047,5046,5040,5029,5018,5007,5001,5000)
(10068,9,5005,5016,5027,5033,5034,5040,5046,5041)
(10069,9,5010,5004,5003,5002,5007,5018,5029,5040,5045,5050)
(10070,4,5046,5040,5034,5033,5027,5016)
(10071,8,5016,5027,5033,5034,5035,5041)
(10072,2,5002,5007,5018,5029,5040,5045,5050,5055)
(10073,9,5029,5023,5017,5006)
(10074,12,5041,5030,5024,5018,5007,5001,5006)
(10075,2,5010,5021,5032,5043,5048)
(10076,11,5025,5030,5041,5052,5058)
(10077,1,5005,5016,5027,5033,5034,5040)
(10078,4,5051,5040,5029,5018,5013,5014)
(10079,11,5027,5033,5034,5040,5051)
(10080,2,5032,5043,5054)
(10081,4,5027,5016,5005)
(10082,2,5016,5027,5033,5034,5040,5051)
(10083,4,5001,5007,5018,5029,5040,5051)
(10084,6,5027,5016,5005)
(10085,11,5020,5031,5042,5047,5052)
(10086,12,5033,5027,5016,5011,5006,5000)
(10087,5,5027,5033,5034,5040,5045,5050,5055)
(10088,6,5030,5041,5052)
(10089,2,5050,5039,5033,5027,5016)
(10090,1,5016,5027,5038,5049,5055)
(10091,6,5052,5046,5040,5034,5033,5027,5022)
(10092,10,5059,5058,5052,5046,5040,5034,5033,5027,5016)
(10093,8,5052,5041,5030,5019,5014,5009,5004)
(10094,2,5040,5034,5033,5027,5016)
(10095,2,5025,5030,5041,5052,5058)
(10096,6,5033,5027,5016,5011,5006,5000)
(10097,12,5050,5045,5040,5029,5018,5007)
(10098,12,5027,5016,5005)
(10099,11,5050,5045,5040,5029,5018,5007)
(10100,2,5047,5046,5040,5029,5018,5007,5002)
(10101,6,5017,5028,5034,5035,5041)
(10102,10,5027,5016,5005)
(10103,1,5041,5030,5019,5014,5009,5004)
(10104,1,5013,5019,5030,5041,5052)
(10105,2,5004,5003,5002,5007,5018,5029,5040,5045)
(10106,6,5039,5033,5027,5016)
(10107,1,5016,5027,5033,5034,5040,5045)
(10108,10,5031,5037,5043,5054)
(10109,10,5051,5040,5029,5018,5007,5001,5006)
(10110,6,5017,5022,5027,5033,5034,5040,5045,5050,5055)
(10111,1,5021,5032,5037,5036,5041,5052,5058)
(10112,1,5019,5025,5031,5036,5041,5047)
(10113,12,5027,5016,5005)
(10114,6,5050,5039,5028,5022)
(10115,6,5025,5030,5041,5052,5058)
(10116,8,5047,5041,5030,5019,5008,5002,5007)
(10117,12,5050,5039,5028,5017,5006,5001,5002,5003,5009,5014)
(10118,1,5050,5039,5033,5027,5016)
(10119,7,5004,5003,5002,5007,5018,5029,5040,5045,5044)
(10120,4,5051,5040,5034,5033,5027,5022)
(10121,11,5027,5016,5005)
(10122,2,5037,5031,5026,5021,5010,5004,5003)
(10123,1,5007,5018,5029,5040,5051,5057)
(10124,7,5020,5031,5037,5043,5054)
(10125,11,5004,5003,5002,5007,5018,5029,5040,5051)
(10126,4,5027,5016,5005)
(10127,2,5001,5002,5003,5009,5020,5031,5037,5043,5054)
(10128,12,5052,5041,5030,5024,5018,5007,5001,5006)
(10129,11,5045,5040,5029,5018,5007)
(10130,4,5040,5029,5018,5013,5014,5015,5010,5004)
(10131,2,5030,5019,5014,5009,5003)
(10132,10,5041,5030,5024,5023,5017,5006)
(10133,7,5025,5031,5036,5041,5047,5053)
(10134,12,5040,5029,5018,5013,5014,5015,5010,5004)
(10135,7,5049,5044,5039,5028,5017,5006)
(10136,2,5017,5023,5024,5025,5031,5037,5043)
(10137,5,5029,5023,5017,5006)
(10138,11,5047,5041,5030,5019,5014)
(10139,11,5033,5027,5016,5011,5006,5000)
(10140,1,5042,5047,5046,5040,5029,5018,5007,5001,5000)
(10141,8,5014,5019,5030,5041,5047)
(10142,10,5001,5007,5018,5024,5030,5041,5047,5053)
(10143,11,5053,5042,5031,5026,5021,5010)
(10144,4,5004,5003,5008,5019,5030,5041)
(10145,8,5004,5003,5002,5007,5018,5029,5040,5045)
(10146,12,5025,5031,5037,5043,5054)
(10147,7,5045,5040,5029,5018,5013,5014,5009,5004)
(10148,2,5027,5033,5034,5040,5046,5047,5053,5058)
(10149,10,5032,5043,5054)
(10150,7,5032,5043,5054)
(10151,7,5001,5002,5008,5019,5030,5041)
(10152,5,5047,5046,5040,5029,5018,5007,5001,5000)
(10153,2,5028,5034,5040,5046,5047,5053,5058)
(10154,10,5005,5016,5027,5033,5034,5040,5046,5047,5053,5058)
(10155,5,5041,5030,5024,5023,5017,5006)
(10156,2,5050,5039,5028,5017,5006,5001,5002,5003,5009,5014)
(10157,7,5042,5047,5046,5040,5029,5018,5007,5001,5000)
(10158,4,5029,5040,5051,5057,5058)
(10159,3,5016,5027,5033,5034,5040)
(10160,10,5020,5031,5037,5043)
(10161,5,5056,5051,5040,5029,5024,5019,5014,5009,5004,5010)
(10162,1,5045,5040,5029,5018,5007)
(10163,1,5028,5034,5040,5046,5047,5053,5058)
(10164,4,5039,5033,5027,5016,5011,5006,5000)
(10165,4,5007,5018,5029,5040,5051)
(10166,5,5058,5052,5041,5030,5019,5014)
(10167,10,5007,5018,5029,5040,5045,5050)
(10168,8,5033,5027,5016,5011,5006,5000)
(10169,1,5006,5017,5028,5034,5040,5051,5057)
(10170,1,5027,5038,5049,5055)
(10171,5,5001,5007,5018,5029,5040,5051)
(10172,12,5045,5040,5029,5018,5007)
(10173,11,5058,5052,5046,5040,5034,5028,5022)
(10174,8,5021,5032,5037,5036,5041,5052,5058)
(10175,4,5052,5041,5030,5024,5023,5017,5006)
(10176,3,5004,5003,5002,5007,5018,5029,5040)
(10177,12,5027,5033,5034,5035,5041,5052,5058)
(10178,11,5047,5046,5040,5029,5018,5007,5001,5000)
(10179,3,5003,5009,5020,5025,5030,5041,5052,5058)
(10180,3,5051,5040,5029,5023,5017,5006)
(10181,5,5009,5020,5025,5030,5041,5052,5058)
(10182,4,5038,5027,5016)
(10183,10,5009,5020,5031)
(10184,1,5049,5038,5027)
(10185,5,5027,5033,5034,5040,5045,5050,5055)
(10186,8,5030,5041,5052)
(10187,7,5007,5018,5029,5040,5051,5057,5058,5053)
(10188,10,5054,5048,5047,5046,5040,5029,5018,5007,5001,5000)
(10189,8,5010,5021,5032,5043,5054)
(10190,8,5037,5036,5041,5046,5040,5029,5018,5007)
(10191,11,5050,5039,5028,5022)
(10192,3,5021,5032,5043,5054)
(10193,8,5014,5015,5021,5032,5043,5054)
(10194,4,5052,5046,5040,5034,5028,5022)
(10195,5,5038,5027,5016,5005)
(10196,4,5001,5007,5018,5024,5030,5041,5047,5053)
(10197,10,5040,5029,5018,5013,5014,5009,5003)
(10198,10,5016,5027,5033,5034,5040,5051)
(10199,5,5043,5032,5026,5025,5024,5018,5007,5001,5006)
(10200,8,5025,5031,5037,5043,5054)
(10201,5,5032,5043,5054)
(10202,4,5047,5046,5040,5034,5033,5027,5016)
(10203,7,5025,5030,5041,5052,5058)
(10204,7,5038,5027,5016)
(10205,12,5038,5027,5022,5017,5006,5001,5002,5003)
(10206,7,5038,5027,5016)
(10207,5,5050,5039,5028,5022)
(10208,8,5019,5030,5041,5046,5051)
(10209,10,5027,5016,5005)
(10210,13,5013,5019,5025,5031,5036,5041,5047)
(10211,5,5010,5004,5003,5002,5007,5018,5029,5040,5045,5050)
(10212,10,5038,5027,5016,5005)
(10213,7,5029,5018,5007,5001,5000)
(10214,10,5017,5022,5027,5033,5034,5040,5045,5050,5055)
(10215,3,5027,5016,5005)
(10216,10,5028,5034,5035,5041,5052,5058)
(10217,1,5021,5032,5043)
(10218,3,5027,5016,5005)
(10219,7,5029,5023,5017,5006)
(10220,5,5018,5029,5040)
(10221,1,5030,5024,5023,5017,5006)
(10222,13,5011,5016,5027,5033,5034,5035,5041,5052,5058)
(10223,3,5025,5031,5037,5043,5054)
(10224,13,5002,5007,5018,5029,5040,5046,5041)
(10225,3,5021,5032,5043)
(10226,1,5007,5018,5029,5035,5041)
(10227,1,5046,5040,5034,5033,5027,5016)
(10228,8,5019,5030,5041,5046,5045,5050)
(10229,7,5039,5034,5029,5018,5007,5001,5006)
(10230,13,5047,5046,5040,5029,5018,5007,5001,5000)
(10231,3,5059,5058,5052,5046,5040,5034,5033,5027,5016,5011,5006,5001)
(10232,13,5047,5046,5040,5029,5018,5007,5001,5000)
(10233,1,5014,5015,5021,5032,5043,5054)
(10234,3,5008,5019,5030,5041)
(10235,10,5025,5031,5036,5041,5047,5053)
(10236,11,5005,5016,5027,5038,5049,5055)
(10237,10,5018,5029,5040,5051,5057,5058)
(10238,8,5052,5046,5040,5034,5033,5027,5016,5011,5006,5001)
(10239,5,5040,5029,5018,5007)
(10240,1,5052,5046,5040,5034,5028,5023)
(10241,7,5020,5031,5042,5047,5046,5051)
(10242,13,5029,5040,5046,5047,5053,5059)
(10243,4,5055,5056,5051,5040,5029,5024,5019,5014)
(10244,3,5027,5033,5034,5035,5041,5052,5058)
(10245,5,5027,5016,5005)
(10246,13,5047,5041,5030,5024,5023,5017,5006)
(10247,10,5011,5016,5027,5038,5044)
(10248,1,5009,5020,5031,5037,5043,5054)
(10249,5,5027,5033,5034,5040,5045,5050,5055)
(10250,13,5032,5021,5010)
(10251,5,5048,5047,5046,5040,5029,5018,5007,5001,5000)
(10252,4,5025,5030,5041,5052,5058)
(10253,10,5008,5019,5030,5041,5052)
(10254,11,5043,5032,5021)
(10255,5,5051,5040,5029,5018,5013,5014,5015,5010,5004)
(10256,7,5047,5046,5040,5029,5018,5007,5001,5000)
(10257,13,5037,5042,5047,5046,5040,5029,5018,5007,5001,5000)
(10258,10,5051,5040,5029,5018,5013,5014,5015,5010,5004)
(10259,3,5025,5031,5036,5041,5047,5053)
(10260,7,5052,5041,5030,5019,5008,5002,5007)
(10261,7,5055,5050,5045,5040,5029,5024,5019,5014,5009,5003)
(10262,8,5027,5016,5005)
(10263,11,5019,5024,5023,5022,5027,5038,5049)
(10264,8,5025,5031,5037,5043,5054)
(10265,7,5037,5032,5021,5010,5004,5003)
(10266,5,5010,5021,5032,5043,5048)
(10267,10,5047,5041,5030,5019,5014)
(10268,11,5046,5040,5029,5018,5007,5001,5000)
(10269,6,5042,5047,5046,5040,5029,5018,5007,5001,5000)
(10270,4,5027,5033,5034,5035,5036,5037,5043,5054)
(10271,1,5019,5030,5041)
(10272,11,5029,5018,5007)
(10273,6,5017,5028,5034,5040,5051)
(10274,8,5040,5029,5023,5017,5006)
(10275,11,5002,5003,5009,5020,5026,5032)
(10276,8,5011,5016,5027,5033,5034,5035,5041,5052,5058)
(10277,6,5047,5046,5040,5029,5018,5007,5001,5000)
(10278,7,5043,5037,5036,5041,5046,5040,5029,5018)
(10279,1,5025,5031,5036,5041,5047,5053)
(10280,6,5050,5039,5028,5017,5006,5001,5002,5003,5009,5014)
(10281,8,5020,5025,5030,5041,5052,5058)
(10282,7,5004,5003,5008,5019,5030,5041,5052)
(10283,11,5001,5002,5003,5009,5020,5031)
(10284,8,5004,5003,5002,5007,5018,5029,5040,5051)
(10285,4,5032,5021,5010)
(10286,7,5013,5019,5030,5041)
(10287,10,5039,5028,5017,5006)
(10288,3,5025,5031,5036,5041,5047,5053)
(10289,11,5049,5044,5039,5028,5017,5006,5001,5002,5003,5009,5014)
(10290,1,5056,5051,5040,5029,5024,5019,5014,5009,5004,5010)
(10291,13,5027,5016,5005)
(10292,3,5025,5031,5036,5041,5047,5053)
(10293,10,5014,5019,5030,5041,5047)
(10294,12,5055,5056,5051,5040,5029,5024,5019,5014,5009,5004,5010)
(10295,3,5047,5041,5036,5031,5026,5021,5010,5004)
(10296,3,5055,5050,5045,5040,5029,5024,5019,5014,5009,5003)
(10297,4,5047,5041,5030,5024,5023,5017,5006)
(10298,3,5021,5032,5043)
(10299,1,5029,5023,5017,5006)
(10300,3,5005,5016,5027,5033,5034,5035,5036,5037,5043,5054)
(10301,10,5029,5040,5046,5047,5053,5059)
(10302,6,5029,5018,5007)
(10303,6,5038,5027,5022,5023,5018,5007)
(10304,7,5028,5034,5040,5051)
(10305,3,5025,5031,5036,5041,5047,5053)
(10306,6,5039,5033,5027,5016)
(10307,13,5003,5002,5007,5018,5029,5040,5045,5044)
(10308,7,5021,5032,5037,5036,5041,5052)
(10309,13,5055,5056,5051,5040,5029,5024,5019,5014,5015,5010,5004)
(10310,1,5017,5028,5034,5035,5041,5046)
(10311,1,5013,5019,5030,5041)
(10312,10,5059,5058,5052,5046,5040,5034,5033,5027,5016,5011,5006,5001)
(10313,10,5018,5029,5040)
(10314,7,5033,5027,5016,5011,5006,5000)
(10315,13,5049,5044,5039,5028,5017,5006,5001,5002,5003,5009,5014)
(10316,8,5039,5033,5027,5016,5011,5006,5000)
(10317,1,5052,5046,5040,5034,5033,5027,5016,5011,5006,5001)
(10318,12,5032,5043,5054)
(10319,7,5027,5016,5005)
(10320,12,5051,5040,5029,5018)
(10321,8,5009,5020,5031,5037,5043,5054)
(10322,7,5017,5028,5034,5040,5046,5047)
(10323,9,5040,5029,5018,5007,5001,5000)
(10324,10,5007,5018,5024,5030,5041,5047,5053)
(10325,13,5029,5023,5017,5006)
(10326,12,5047,5041,5030,5019,5008,5002,5007)
(10327,7,5044,5039,5028,5017,5006)
(10328,13,5050,5039,5034,5029,5018,5007,5001,5006)
(10329,4,5031,5025,5024,5023,5017,5006)
(10330,7,5028,5034,5035,5036,5037,5043,5054)
(10331,4,5005,5016,5027,5033,5034,5040,5045,5050,5055)
(10332,6,5020,5031,5042,5047,5046,5051)
(10333,13,5029,5018,5007,5001,5000)
(10334,4,5003,5009,5020,5031,5037,5043,5054)
(10335,4,5029,5023,5017,5006)
(10336,1,5003,5009,5020,5031,5037,5043,5054)
(10337,12,5052,5041,5030,5019,5014,5015,5010,5004)
(10338,12,5051,5040,5034,5033,5027,5016)
(10339,6,5021,5032,5043)
(10340,10,5037,5042,5047,5046,5040,5029,5018,5007,5001,5000)
(10341,1,5004,5003,5008,5019,5030,5041)
(10342,3,5009,5020,5031)
(10343,13,5031,5037,5043,5054)
(10344,10,5027,5016,5005)
(10345,9,5041,5046,5040,5029,5018,5007)
(10346,9,5010,5021,5032,5043,5054)
(10347,12,5025,5031,5036,5041,5047,5053)
(10348,7,5004,5003,5008,5019,5030,5041,5052)
(10349,9,5045,5040,5029,5018,5013,5014,5015,5010,5004)
(10350,3,5056,5051,5040,5029,5024,5019,5014)
(10351,9,5016,5027,5033,5034,5040,5046,5047,5053,5058)
(10352,4,5043,5032,5021,5010)
(10353,12,5051,5040,5029,5018,5007)
(10354,13,5049,5044,5039,5028,5017,5006,5001,5002,5003,5009,5014)
(10355,9,5057,5052,5041,5030,5019)
(10356,13,5032,5043,5054)
(10357,9,5047,5041,5030,5024,5018,5007,5001,5006)
(10358,9,5001,5007,5018,5029,5040,5045,5044)
(10359,3,5004,5003,5002,5007,5018,5029,5040,5045,5050,5055)
(10360,9,5032,5021,5010,5004)
(10361,10,5007,5018,5029,5040,5045,5044)
(10362,9,5019,5030,5041,5046,5045,5050)
(10363,10,5052,5041,5030,5024,5018,5007,5001,5006)
(10364,7,5029,5023,5017,5006)
(10365,3,5021,5032,5043)
(10366,3,5028,5034,5035,5036,5037,5043,5054)
(10367,6,5052,5046,5040,5029,5018,5007,5001,5000)
(10368,3,5029,5040,5046,5047,5053,5059)
(10369,6,5032,5021,5010)
(10370,9,5004,5003,5008,5019,5030,5041)
(10371,3,5021,5032,5037,5036,5041,5052)
(10372,13,5047,5041,5030,5019,5014)
(10373,4,5013,5019,5030,5041)
(10374,13,5037,5031,5026,5021,5010,5004,5003)
(10375,13,5044,5039,5028,5017,5006)
(10376,9,5059,5058,5052,5041,5030,5019,5014)
(10377,13,5010,5021,5032)
(10378,1,5019,5024,5023,5022,5027,5038,5049)
(10379,12,5050,5039,5034,5029,5018,5007,5001,5006)
(10380,10,5010,5004,5003,5002,5007,5018,5029,5040,5045,5050,5055)
(10381,9,5028,5034,5035,5036,5037,5043,5054)
(10382,4,5004,5003,5002,5007,5018,5029,5040,5045,5050,5055)
(10383,7,5037,5042,5047,5046,5040,5029,5018,5007,5001,5000)
(10384,9,5002,5007,5018,5029,5040,5045,5050,5055)
(10385,4,5010,5021,5032,5043,5048)
(10386,3,5054,5048,5047,5041,5030,5019)
(10387,6,5055,5050,5045,5040,5029,5018,5007)
(10388,3,5055,5056,5051,5040,5029,5024,5019,5014,5009,5004,5010)
(10389,12,5005,5016,5027,5038)
(10390,10,5037,5031,5026,5021,5010,5004,5003)
(10391,9,5038,5027,5022,5017,5006,5001,5002,5003)
(10392,1,5028,5017,5006)
(10393,10,5033,5027,5016,5011,5006,5000)
(10394,6,5029,5040,5051,5057)
(10395,9,5031,5026,5021,5010,5004)
(10396,7,5018,5029,5040,5045,5050)
(10397,1,5027,5033,5034,5035,5041,5052,5058)
(10398,9,5027,5038,5049,5055)
(10399,9,5025,5031,5036,5041,5047,5053)
(10400,12,5018,5029,5040)
(10401,7,5010,5021,5032,5043,5054)
(10402,1,5039,5033,5027,5016,5011,5006,5000)
(10403,13,5014,5015,5021,5032,5043,5054)
(10404,6,5025,5030,5041,5052,5058)
(10405,13,5027,5016,5005)
(10406,4,5028,5039,5050)
(10407,1,5054,5043,5037,5031,5026)
(10408,10,5033,5027,5016,5011,5006,5000)
(10409,2,5058,5052,5041,5036,5031,5026,5021,5010,5004)
(10410,10,5029,5040,5051,5057,5058)
(10411,7,5027,5033,5034,5040,5045,5050,5055)
(10412,10,5058,5052,5046,5040,5034,5033,5027,5016,5011,5006,5001)
(10413,9,5025,5030,5041,5052,5058)
(10414,12,5058,5052,5041,5036,5031,5026,5021,5010,5004)
(10415,7,5055,5056,5051,5040,5029,5024,5019,5014,5015,5010,5004)
(10416,6,5036,5041,5046,5040,5029,5018,5007)
(10417,12,5003,5002,5007,5018,5029,5040,5045,5050)
(10418,4,5021,5032,5037,5036,5041,5052)
(10419,2,5002,5007,5018,5029,5040,5045,5050,5055)
(10420,7,5037,5036,5030,5024,5018,5007,5001)
(10421,2,5045,5040,5029,5018,5013,5014,5009,5003)
(10422,9,5020,5025,5030,5041,5052,5058)
(10423,12,5031,5037,5043,5054)
(10424,11,5028,5017,5006)
(10425,2,5001,5007,5018,5029,5040)
(10426,7,5037,5036,5030,5024,5018,5007,5001)
(10427,12,5016,5027,5033,5034,5035,5041,5052,5058)
(10428,13,5010,5021,5032,5037,5036,5041,5052,5058)
(10429,13,5005,5016,5027,5033,5034,5035,5036,5037,5043,5054)
(10430,3,5027,5033,5034,5040,5046,5047,5053,5058)
(10431,9,5028,5034,5035,5041,5052,5058)
(10432,3,5055,5056,5051,5040,5029,5024,5019,5014,5009,5004)
(10433,5,5037,5042,5047,5046,5040,5029,5018,5007,5001,5000)
(10434,7,5041,5030,5024,5023,5017,5006)
(10435,3,5050,5039,5034,5029,5018,5007,5001,5006)
(10436,11,5031,5037,5043,5054)
(10437,2,5041,5030,5024,5018,5007,5001,5006)
(10438,6,5029,5023,5017,5006)
(10439,8,5002,5007,5018,5029,5040)
(10440,6,5016,5027,5033,5034,5040,5051)
(10441,5,5002,5007,5018,5029,5040,5051)
(10442,3,5037,5042,5047,5046,5040,5029,5018,5007,5001,5000)
(10443,8,5050,5045,5040,5034,5028,5017,5006,5001,5007)
(10444,12,5041,5046,5040,5029,5018,5007,5001,5000)
(10445,2,5019,5024,5023,5022,5027,5038,5049)
(10446,6,5051,5040,5034,5033,5027,5022)
(10447,2,5052,5046,5040,5034,5028,5023)
(10448,8,5020,5031,5037,5043)
(10449,3,5040,5029,5018,5013,5014,5009,5004)
(10450,3,5041,5046,5040,5029,5018,5007)
(10451,11,5000,5001,5002,5003,5004,5010,5021,5032,5043)
(10452,12,5058,5052,5041,5030,5024,5023,5017,5006)
(10453,3,5055,5056,5051,5040,5029,5024,5019,5014,5009,5004,5010)
(10454,5,5032,5043,5054)
(10455,9,5036,5041,5046,5040,5029,5018,5007)
(10456,6,5031,5025,5024,5023,5017,5006)
(10457,5,5017,5022,5027,5033,5034,5040,5045,5050,5055)
(10458,12,5058,5052,5046,5040,5029,5024)
(10459,2,5005,5016,5027,5033,5034,5040,5045,5050,5055)
(10460,13,5020,5031,5042,5047,5046,5051)
(10461,2,5040,5029,5018,5007,5001,5000)
(10462,12,5043,5032,5026,5025,5024,5018,5007,5001,5006)
(10463,3,5007,5018,5029,5040,5045,5044)
(10464,11,5027,5033,5034,5040,5045,5050,5055)
(10465,8,5039,5028,5017,5006)
(10466,5,5040,5029,5018)
(10467,5,5005,5016,5027,5038)
(10468,3,5042,5047,5046,5040,5029,5018,5007,5001,5000)
(10469,12,5016,5027,5033,5034,5040)
(10470,3,5052,5046,5040,5034,5028,5022)
(10471,8,5010,5004,5003,5002,5007,5018,5029,5040,5051)
(10472,11,5032,5043,5054)
(10473,11,5032,5021,5010)
(10474,6,5011,5016,5027,5033,5034,5035,5036,5037,5043,5054)
(10475,6,5004,5003,5002,5007,5018,5029,5040,5045,5050)
(10476,13,5027,5016,5005)
(10477,11,5054,5043,5037,5036,5030,5024,5023,5017,5006)
(10478,6,5041,5046,5040,5029,5018,5007,5001,5000)
(10479,13,5001,5002,5003,5009,5020,5026,5032)
(10480,11,5007,5018,5029,5040,5051)
(10481,2,5004,5003,5002,5007,5018,5029,5040,5045,5044)
(10482,9,5052,5041,5030,5019,5014,5015,5010,5004)
(10483,8,5052,5041,5030,5019,5014)
(10484,2,5029,5040,5046,5047,5053,5059)
(10485,8,5002,5003,5004,5010,5021,5032,5043)
(10486,8,5021,5032,5037,5036,5041,5052,5058)
(10487,5,5040,5029,5018)
(10488,5,5040,5034,5033,5027,5016)
(10489,11,5029,5018,5007)
(10490,13,5028,5034,5035,5036,5037,5043,5054)
(10491,11,5043,5032,5021,5015)
(10492,9,5040,5034,5033,5027,5016)
(10493,3,5045,5040,5029,5018,5013,5014,5009,5004)
(10494,8,5031,5026,5021,5010,5004)
(10495,5,5028,5039,5050)
(10496,11,5053,5042,5031,5026,5021,5010)
(10497,8,5017,5023,5024,5025,5031,5037,5043)
(10498,8,5033,5027,5016,5011,5006,5000)
(10499,6,5027,5033,5034,5040,5045,5050,5055)
(10500,11,5032,5043,5054)
(10501,4,5025,5031,5036,5041,5047,5053)
(10502,12,5043,5037,5031,5026,5021,5010,5004,5003)
(10503,12,5039,5033,5027,5016,5011,5006,5000)
(10504,4,5029,5040,5051,5057)
(10505,12,5037,5036,5041,5046,5040,5029,5018,5007)
(10506,9,5003,5009,5020,5026,5032)
(10507,13,5005,5016,5027,5033,5034,5040,5045,5050,5055)
(10508,9,5021,5032,5043)
(10509,9,5001,5007,5018,5029,5040,5045,5050,5055)
(10510,4,5046,5040,5034,5033,5027,5016)
(10511,2,5016,5027,5038,5049,5055)
