(10000,2,5046,5040,5029,5018,5007)
(10001,4,5024,5029,5040,5051,5057)
(10002,1,5049,5038,5027,5022,5023,5024,5019,5013)
(10003,4,5035,5029,5018,5007,5002)
(10004,7,5040,5029,5023,5017,5011)
(10005,1,5033,5027,5016,5005)
(10006,10,5006,5017,5028,5034,5035,5041,5052,5058,5059)
(10007,7,5004,5010,5021,5026,5031,5042,5047)
(10008,4,5033,5027,5016,5005)
(10009,2,5005,5016,5022,5028,5034,5035,5030,5025,5026,5032)
(10010,6,5016,5027,5038,5049,5055)
(10011,3,5020,5025,5024,5029,5034,5033,5038,5049,5055)
(10012,4,5051,5040,5029,5018,5007,5002,5008)
(10013,10,5053,5042,5031,5020,5015,5010,5004)
(10014,3,5045,5046,5047,5042,5031,5026,5021,5010)
(10015,10,5002,5007,5018,5029,5035)
(10016,1,5049,5038,5027,5016,5005)
(10017,10,5010,5021,5026,5031,5037,5043,5048)
(10018,7,5035,5029,5018,5007,5002)
(10019,2,5028,5017,5011,5005,5000)
(10020,1,5010,5021,5026,5031,5036,5041,5052,5058)
(10021,8,5005,5016,5022,5028,5034,5035,5041,5052,5058,5059)
(10022,1,5048,5047,5046,5040,5029,5023,5022,5016,5011)
(10023,4,5022,5023,5029,5040,5051)
(10024,7,5031,5042,5053)
(10025,2,5031,5037,5043,5054)
(10026,10,5016,5011,5012,5018,5024,5030,5036,5037,5043,5054,5059)
(10027,7,5019,5030,5035,5040,5051)
(10028,8,5042,5031,5026,5021,5010,5004,5003)
(10029,2,5002,5007,5018,5024,5030,5036,5042,5048)
(10030,1,5023,5024,5030,5041,5052,5057)
(10031,4,5016,5011,5012,5018,5024,5030,5035,5040,5051,5057)
(10032,2,5029,5023,5022,5016,5005)
(10033,10,5030,5036,5037,5043,5054,5059)
(10034,9,5007,5018,5024,5030,5036,5037,5043,5054,5059)
(10035,9,5006,5017,5028,5034,5035,5030,5025,5026,5032)
(10036,2,5031,5037,5043,5054)
(10037,8,5037,5031,5026,5021,5010)
(10038,10,5030,5041,5052,5058,5059)
(10039,2,5022,5023,5029,5040,5051)
(10040,9,5031,5037,5043,5054)
(10041,2,5049,5038,5027)
(10042,10,5057,5051,5040,5029,5018,5013,5019)
(10043,4,5031,5020,5015,5010,5004)
(10044,3,5041,5030,5019)
(10045,2,5036,5035,5029,5018,5007,5002)
(10046,2,5007,5018,5029,5034,5033,5038,5049,5055)
(10047,6,5053,5047,5046,5040,5034,5028)
(10048,7,5031,5037,5043,5054)
(10049,2,5046,5040,5029,5023,5017,5011)
(10050,1,5005,5011,5012,5018,5029,5040,5045)
(10051,2,5027,5016,5005)
(10052,4,5035,5029,5023,5022,5016,5005)
(10053,1,5027,5016,5005)
(10054,9,5044,5045,5046,5047,5042,5031,5026,5021,5010)
(10055,6,5031,5042,5053)
(10056,6,5054,5043,5037,5031,5026)
(10057,8,5031,5020,5015,5010,5004)
(10058,2,5026,5031,5037,5043,5054)
(10059,9,5046,5047,5042,5031,5020,5015,5010,5004)
(10060,10,5048,5042,5036,5035,5029,5018,5007,5002,5008)
(10061,10,5011,5012,5018,5024,5030,5036,5042,5048)
(10062,8,5035,5029,5018,5007,5002)
(10063,3,5006,5017,5028,5034,5035,5041,5052,5058,5059)
(10064,8,5050,5044,5038,5027,5016)
(10065,8,5004,5010,5021,5026,5031,5037,5043,5054)
(10066,10,5007,5018,5029,5040,5051)
(10067,10,5040,5029,5024,5019,5013)
(10068,6,5037,5031,5026,5021,5010,5004,5003)
(10069,3,5027,5016,5005)
(10070,8,5035,5029,5023,5022,5016,5005)
(10071,2,5004,5003,5002,5007,5018,5029,5040,5051,5056,5055)
(10072,1,5052,5046,5040,5029,5018)
(10073,6,5006,5017,5028)
(10074,10,5031,5020,5015,5010,5004)
(10075,6,5002,5007,5018,5029,5034,5033,5038,5049,5055)
(10076,8,5019,5024,5029,5040,5051,5057,5052)
(10077,4,5012,5018,5029,5040,5051)
(10078,6,5051,5040,5029,5018,5007)
(10079,11,5016,5022,5028,5034,5035,5041,5052,5058,5059)
(10080,6,5048,5042,5031,5026,5021,5010,5004)
(10081,8,5007,5018,5024,5030,5041,5047,5048,5043,5037)
(10082,9,5040,5029,5018,5007)
(10083,11,5020,5031,5037,5043,5054)
(10084,6,5019,5024,5029,5040,5051,5057,5052)
(10085,11,5010,5021,5026,5031,5036,5035,5040,5051)
(10086,2,5053,5047,5046,5040,5034,5028)
(10087,11,5020,5031,5036,5041,5052,5058)
(10088,10,5026,5031,5037,5043,5054)
(10089,3,5031,5020,5015,5010,5004)
(10090,6,5001,5007,5018,5024,5030,5041,5047,5048,5043,5037)
(10091,4,5052,5046,5040,5029,5018,5007)
(10092,3,5055,5049,5038,5033,5034,5035,5036,5031,5020,5014)
(10093,4,5048,5042,5031,5026,5021,5010,5004,5003)
(10094,4,5018,5024,5030,5036,5037,5043,5054,5059)
(10095,4,5049,5038,5027,5022,5023,5024,5019,5013)
(10096,11,5052,5041,5030,5025,5026,5021,5015)
(10097,1,5053,5042,5031,5026,5021,5015)
(10098,2,5011,5012,5018,5029,5040,5045)
(10099,4,5026,5031,5037,5043,5054)
(10100,4,5005,5011,5012,5018,5029,5035)
(10101,2,5027,5016,5005)
(10102,1,5038,5027,5016,5011,5006,5001,5002)
(10103,2,5052,5046,5040,5029,5018,5007)
(10104,6,5007,5018,5029,5034,5033,5038,5049,5055)
(10105,3,5027,5016,5005)
(10106,6,5036,5030,5019,5008,5002)
(10107,7,5023,5029,5040,5051,5056)
(10108,6,5019,5030,5041,5052,5058,5053)
(10109,2,5039,5028,5022,5016,5011)
(10110,2,5031,5037,5043,5054)
(10111,7,5019,5030,5035,5040,5051,5056,5055)
(10112,2,5001,5007,5018,5029,5035)
(10113,10,5024,5030,5041,5052,5058,5059)
(10114,7,5047,5046,5040,5029,5018,5007)
(10115,6,5031,5042,5053)
(10116,9,5044,5039,5028,5017,5011,5005,5000)
(10117,7,5031,5037,5043,5054)
(10118,6,5037,5031,5026,5021,5010)
(10119,1,5031,5020,5015,5010,5004)
(10120,2,5041,5030,5019)
(10121,9,5031,5037,5043,5054)
(10122,2,5010,5021,5026,5031,5037,5043,5054)
(10123,1,5046,5040,5029,5023,5022,5016,5005)
(10124,1,5019,5030,5036,5037,5043,5054,5059)
(10125,9,5028,5017,5011,5005,5000)
(10126,7,5055,5049,5038,5027,5016,5011,5006,5001,5002)
(10127,9,5048,5042,5031,5026,5021,5015)
(10128,11,5016,5027,5038)
(10129,10,5015,5020,5031,5036,5035,5040,5051,5057)
(10130,10,5012,5018,5024,5030,5036,5037,5043,5054,5059)
(10131,3,5006,5017,5028,5034,5035,5041,5052,5058,5059)
(10132,9,5027,5016,5005)
(10133,7,5058,5057,5051,5040,5029,5018,5007)
(10134,1,5044,5038,5027,5016)
(10135,2,5001,5007,5018,5024,5030,5035,5040,5051,5057)
(10136,2,5018,5024,5030,5041,5052,5058,5053)
(10137,1,5004,5003,5002,5007,5018,5029,5040,5051,5057,5052)
(10138,5,5048,5042,5031,5026,5021,5015)
(10139,5,5054,5048,5042,5036,5035,5029,5018,5007,5002,5008)
(10140,9,5052,5046,5040,5029,5023,5022,5016,5011)
(10141,9,5047,5046,5040,5029,5023,5017,5006)
(10142,3,5049,5044,5045,5046,5047,5048,5043,5037,5031,5026,5021)
(10143,6,5047,5046,5040,5029,5023,5022,5016,5011)
(10144,10,5036,5035,5029,5018,5007,5002)
(10145,2,5012,5018,5029,5040,5051,5056)
(10146,11,5028,5034,5035,5041,5052,5058,5059)
(10147,7,5042,5031,5026,5021,5010,5004,5003)
(10148,5,5004,5003,5002,5007,5018,5029,5040,5051,5056,5055)
(10149,10,5007,5018,5024,5030,5041)
(10150,7,5037,5031,5020,5015,5010,5004)
(10151,9,5030,5019,5008,5002)
(10152,11,5028,5017,5011,5005,5000)
(10153,3,5027,5016,5005)
(10154,5,5009,5020,5025,5024,5029,5040,5051,5056,5050)
(10155,6,5056,5051,5040,5029,5023)
(10156,9,5010,5021,5026,5025,5024,5023,5022,5027,5038)
(10157,10,5004,5003,5002,5007,5018,5029,5040,5051,5056,5055)
(10158,1,5055,5049,5038,5027,5016,5011,5006,5001,5002)
(10159,9,5031,5020,5015,5010,5004)
(10160,11,5042,5031,5026,5021,5010,5004,5003)
(10161,2,5019,5030,5041,5052,5058,5053)
(10162,11,5048,5042,5031,5026,5021)
(10163,5,5029,5023,5017,5006)
(10164,11,5037,5036,5030,5019,5008,5002)
(10165,10,5027,5038,5049,5055)
(10166,1,5048,5047,5046,5040,5029,5023,5017,5011)
(10167,2,5040,5029,5023,5017,5011)
(10168,10,5053,5042,5036,5035,5029,5018,5007,5002,5008)
(10169,2,5019,5030,5041,5052,5058,5059)
(10170,6,5004,5010,5021,5026,5031,5042,5047)
(10171,10,5029,5040,5051)
(10172,3,5052,5046,5040,5029,5018,5007)
(10173,5,5011,5012,5018,5024,5030,5036,5037,5043,5054,5059)
(10174,3,5001,5007,5018,5029,5040,5045)
(10175,3,5054,5048,5042,5036,5035,5029,5018,5007,5002)
(10176,6,5015,5020,5031,5036,5035,5040,5051)
(10177,6,5048,5042,5031,5026,5021)
(10178,3,5021,5026,5031,5036,5041,5052,5058)
(10179,5,5020,5031,5037,5043,5048)
(10180,6,5033,5027,5016,5005)
(10181,6,5031,5042,5053)
(10182,1,5019,5030,5035,5040,5051,5056,5055)
(10183,6,5046,5040,5029,5018)
(10184,9,5056,5051,5040,5029,5023)
(10185,11,5018,5029,5040,5051,5056,5055)
(10186,3,5010,5021,5026,5031,5036,5041,5046)
(10187,6,5004,5003,5002,5007,5018,5029,5040,5051,5057,5052)
(10188,5,5016,5011,5012,5018,5024,5030,5036,5037,5043,5054,5059)
(10189,2,5008,5019,5030,5041,5047,5048,5043,5037)
(10190,6,5028,5017,5011,5005,5000)
(10191,3,5046,5047,5042,5031,5020,5015,5010,5004)
(10192,3,5020,5031,5037,5043,5054)
(10193,10,5024,5029,5040,5051,5057)
(10194,6,5033,5027,5016,5005)
(10195,1,5040,5029,5023,5022,5016,5005)
(10196,9,5046,5040,5029,5023,5017,5006)
(10197,7,5049,5038,5027,5016,5005)
(10198,11,5037,5036,5035,5029,5023,5022,5016,5005)
(10199,7,5029,5023,5022,5016,5005)
(10200,2,5005,5011,5012,5018,5024,5030,5035)
(10201,5,5033,5027,5016,5005)
(10202,5,5040,5029,5023,5022,5016,5011)
(10203,6,5002,5007,5018,5024,5030,5041,5052,5058,5053)
(10204,7,5037,5031,5026,5021,5010,5004,5003)
(10205,3,5046,5040,5029,5023,5017,5011)
(10206,3,5035,5029,5018,5007,5002)
(10207,7,5029,5023,5022,5016,5005)
(10208,5,5024,5030,5041,5052,5058,5059)
(10209,1,5057,5051,5040,5029,5018,5013,5019)
(10210,5,5056,5051,5040,5029,5018,5012,5006)
(10211,6,5049,5038,5027,5022,5023,5018,5007)
(10212,10,5048,5047,5046,5040,5029,5023,5017,5011)
(10213,8,5037,5031,5020,5015,5010,5004)
(10214,6,5052,5046,5040,5029)
(10215,5,5016,5027,5038,5049,5055)
(10216,11,5010,5021,5026,5031,5036,5035,5040,5051)
(10217,8,5033,5027,5016,5005)
(10218,3,5021,5026,5031,5036,5041,5052,5058)
(10219,9,5012,5018,5029,5040,5045)
(10220,10,5012,5018,5024,5030,5041,5046)
(10221,9,5005,5016,5027,5038)
(10222,3,5029,5023,5022,5016,5005)
(10223,3,5030,5036,5037,5043,5054,5059)
(10224,6,5031,5037,5043,5054)
(10225,5,5021,5026,5031,5036,5041,5052,5058)
(10226,8,5037,5031,5020,5015,5010,5004)
(10227,9,5011,5012,5018,5029,5040,5051)
(10228,6,5018,5029,5040,5051)
(10229,8,5046,5040,5029,5023,5022,5016,5011)
(10230,11,5027,5016,5005)
(10231,5,5045,5046,5047,5042,5031,5020,5015,5010,5004)
(10232,5,5054,5048,5042,5031,5026,5021,5015)
(10233,9,5036,5035,5029,5023,5017,5006)
(10234,3,5031,5037,5043,5054)
(10235,6,5030,5041,5052,5058,5059)
(10236,5,5056,5051,5040,5029,5023)
(10237,10,5026,5031,5037,5043,5054)
(10238,9,5016,5027,5038,5049)
(10239,3,5024,5030,5041,5052,5058,5059)
(10240,6,5031,5037,5043,5054)
(10241,10,5041,5030,5019,5014,5015,5010,5004)
(10242,1,5012,5018,5024,5030,5036,5037,5043,5054,5059)
(10243,1,5047,5046,5040,5029,5018)
(10244,4,5046,5047,5042,5031,5020,5015,5010,5004)
(10245,5,5052,5046,5040,5029,5018)
(10246,6,5027,5038,5049,5055)
(10247,11,5005,5016,5027,5038,5049)
(10248,2,5006,5017,5028)
(10249,11,5020,5031,5036,5035,5040,5051,5057)
(10250,2,5047,5046,5040,5029,5023,5022,5016,5011)
(10251,9,5027,5016,5005)
(10252,9,5024,5029,5040,5051,5057)
(10253,6,5004,5010,5021,5026,5031,5042,5047)
(10254,8,5008,5019,5030,5041,5047,5048,5043,5037)
(10255,2,5035,5029,5018,5007,5002)
(10256,5,5038,5027,5016,5011,5006,5001,5002)
(10257,1,5022,5028,5034,5035,5041,5052,5058,5059)
(10258,2,5037,5036,5030,5019,5008,5002)
(10259,2,5008,5019,5030,5041,5047,5048,5043,5037)
(10260,6,5049,5038,5027,5022,5023,5018,5012)
(10261,8,5055,5049,5038,5027)
(10262,11,5019,5030,5041,5052,5058,5059)
(10263,6,5029,5023,5022,5016,5005)
(10264,1,5057,5052,5047,5042,5031,5026,5021,5015)
(10265,1,5018,5024,5030,5041)
(10266,6,5021,5026,5031,5036,5041,5052,5058)
(10267,9,5007,5018,5024,5030,5035,5040,5051,5057)
(10268,2,5029,5018,5007)
(10269,5,5048,5042,5031,5026,5021,5010)
(10270,4,5047,5046,5040,5029,5023,5017,5011)
(10271,9,5029,5023,5017,5006)
(10272,5,5024,5029,5040,5051,5057)
(10273,8,5018,5029,5040)
(10274,1,5014,5013,5018,5029,5040,5051,5056,5055)
(10275,2,5040,5029,5018,5007)
(10276,4,5018,5029,5040)
(10277,1,5036,5035,5029,5023,5022,5016,5005)
(10278,10,5053,5048,5043,5037,5031,5020,5015)
(10279,4,5057,5052,5047,5048,5043,5037,5031,5026,5021)
(10280,9,5040,5029,5024,5019,5013)
(10281,1,5024,5029,5040,5051,5057)
(10282,8,5028,5017,5011,5005,5000)
(10283,8,5009,5020,5031,5036,5041,5046)
(10284,4,5007,5018,5024,5030,5035,5040,5051,5057)
(10285,2,5038,5027,5016)
(10286,4,5004,5003,5002,5007,5018,5029,5040,5051,5056,5055)
(10287,5,5017,5028,5034,5035,5041,5052,5058,5059)
(10288,8,5001,5007,5018,5029,5040,5051)
(10289,1,5027,5038,5049,5055)
(10290,11,5004,5010,5021,5026,5031,5037,5043,5048)
(10291,4,5039,5028,5023,5018,5007)
(10292,4,5049,5044,5039,5028,5017,5011,5005,5000)
(10293,7,5005,5011,5012,5018,5024,5030,5036,5037,5043,5054,5059)
(10294,11,5038,5027,5022,5023,5018,5007)
(10295,10,5029,5023,5022,5016,5005)
(10296,7,5004,5003,5002,5007,5018,5029,5040,5051,5057,5052)
(10297,3,5054,5048,5047,5046,5040,5029,5024)
(10298,5,5007,5018,5024,5030,5036,5031,5026,5032)
(10299,5,5027,5016,5005)
(10300,1,5047,5046,5040,5029,5018)
(10301,9,5010,5021,5026,5031,5042,5048)
(10302,11,5009,5020,5025,5024,5023,5022,5027,5038)
(10303,5,5029,5018,5007)
(10304,4,5057,5052,5047,5042,5031,5020,5015,5010,5004)
(10305,7,5031,5037,5043,5054)
(10306,5,5031,5042,5053)
(10307,10,5022,5023,5029,5040,5051)
(10308,1,5011,5012,5018,5024,5030,5036,5037,5043,5054,5059)
(10309,10,5031,5020,5015,5010,5004)
(10310,1,5045,5046,5047,5042,5031,5020,5015,5010,5004)
(10311,3,5018,5024,5030,5041,5052,5058,5053)
(10312,3,5007,5018,5029,5035)
(10313,11,5023,5029,5040,5051,5056)
(10314,4,5003,5002,5007,5018,5024,5030,5036)
(10315,4,5038,5027,5016)
(10316,7,5055,5049,5038,5027)
(10317,11,5037,5031,5020,5015,5010,5004)
(10318,8,5054,5043,5037,5031)
(10319,7,5054,5048,5047,5046,5040,5029,5018,5012,5011,5016)
(10320,11,5020,5031,5036,5041,5052,5058)
(10321,10,5004,5003,5002,5007,5018,5029,5040,5051,5056,5055)
(10322,8,5046,5047,5042,5031,5020,5015,5010,5004)
(10323,1,5050,5044,5038,5027,5016,5005)
(10324,7,5035,5029,5023,5022,5016,5005)
(10325,10,5051,5040,5029,5023,5022,5016,5011)
(10326,10,5051,5040,5029,5018,5007)
(10327,9,5007,5018,5029,5040,5051,5056,5055)
(10328,3,5029,5023,5017,5006)
(10329,7,5018,5024,5030,5036,5042,5048)
(10330,9,5012,5018,5024,5030,5036,5042,5048)
(10331,5,5011,5012,5018,5029,5040,5051)
(10332,9,5021,5026,5031,5042,5048)
(10333,4,5018,5024,5030,5041,5052,5058,5053)
(10334,3,5010,5021,5026,5031,5037)
(10335,8,5053,5048,5043,5037,5031,5020,5015)
(10336,10,5046,5047,5042,5031,5026,5021,5010)
(10337,11,5052,5046,5040,5029,5023,5022,5016,5005)
(10338,9,5029,5023,5017,5006)
(10339,1,5011,5012,5018,5029,5040)
(10340,5,5016,5027,5038)
(10341,5,5002,5007,5018,5029,5040,5051,5056,5050)
(10342,1,5020,5031,5037,5043,5054)
(10343,7,5055,5049,5038,5027,5016,5011,5006,5001,5002)
(10344,3,5038,5027,5016,5005)
(10345,1,5029,5040,5051)
(10346,1,5058,5057,5051,5040,5029,5023,5022,5016,5005)
(10347,3,5005,5016,5027,5038,5049)
(10348,5,5030,5041,5052,5058,5059)
(10349,11,5052,5041,5030,5019)
(10350,8,5016,5027,5038,5049,5055)
(10351,10,5002,5007,5018,5024,5030,5041,5052,5058,5053)
(10352,8,5038,5027,5016)
(10353,1,5008,5019,5030,5036,5042,5047)
(10354,7,5049,5044,5045,5046,5047,5042,5031,5026,5021,5010)
(10355,3,5019,5030,5036,5037,5043,5054,5059)
(10356,11,5028,5017,5011,5005,5000)
(10357,3,5007,5018,5029,5040,5051)
(10358,8,5029,5023,5017,5006)
(10359,11,5005,5011,5012,5018,5029,5040,5051)
(10360,1,5023,5024,5030,5036,5037,5043,5054,5059)
(10361,4,5047,5046,5040,5029,5023,5017,5011)
(10362,5,5026,5031,5037,5043,5054)
(10363,5,5052,5046,5040,5029,5023,5017,5006)
(10364,7,5033,5027,5016,5005)
(10365,9,5028,5017,5011,5005,5000)
(10366,4,5046,5040,5029,5018,5007)
(10367,7,5005,5011,5012,5018,5024,5030,5036,5037,5043,5054,5059)
(10368,8,5024,5030,5036,5037,5043,5054,5059)
(10369,10,5056,5057,5052,5046,5040,5029,5018,5007,5002,5003,5004)
(10370,5,5035,5029,5018,5007,5002)
(10371,7,5007,5018,5024,5030,5041)
(10372,7,5035,5029,5023,5017,5006)
(10373,9,5041,5030,5019)
(10374,7,5004,5010,5021,5026,5031,5036,5041,5052,5058)
(10375,7,5046,5040,5029,5018,5007,5002,5003,5004)
(10376,5,5040,5029,5024,5019,5013,5007,5002)
(10377,8,5037,5036,5035,5029,5023,5022,5016,5005)
(10378,4,5004,5010,5021,5026,5031,5042,5048)
(10379,5,5050,5039,5028,5023,5018,5007)
(10380,5,5026,5031,5037,5043,5054)
(10381,4,5018,5029,5034,5033,5038,5049,5055)
(10382,7,5030,5041,5052,5058,5059)
(10383,4,5023,5024,5030,5041,5052,5057)
(10384,1,5026,5031,5037,5043,5054)
(10385,1,5018,5029,5040)
(10386,11,5030,5036,5037,5043,5054,5059)
(10387,11,5029,5040,5051)
(10388,9,5049,5044,5045,5046,5047,5042,5031,5026,5021,5010)
(10389,5,5053,5047,5046,5040,5034,5028)
(10390,4,5041,5030,5019)
(10391,3,5009,5020,5031,5036,5041,5046)
(10392,8,5002,5007,5018,5024,5030,5041,5052,5058,5059)
(10393,3,5019,5030,5036,5037,5043,5054,5059)
(10394,5,5012,5018,5024,5030,5036,5037,5043,5054,5059)
(10395,4,5005,5011,5012,5018,5024,5030,5035,5040,5051,5057)
(10396,8,5047,5046,5040,5029,5023,5022,5016,5005)
(10397,11,5005,5011,5012,5018,5024,5030,5041,5052,5058,5053)
(10398,5,5027,5016,5005)
(10399,4,5033,5027,5016,5005)
(10400,3,5054,5048,5042,5036,5035,5029,5018,5007,5002,5008)
(10401,11,5022,5023,5029,5040,5051)
(10402,7,5058,5057,5051,5040,5029,5023,5017,5006)
(10403,9,5053,5042,5031)
(10404,1,5047,5046,5040,5029,5023,5022,5016,5005)
(10405,3,5001,5007,5018,5024,5030,5035,5040,5051,5057,5052)
(10406,5,5029,5018,5007)
(10407,11,5019,5030,5036,5042,5048)
(10408,9,5019,5030,5035,5040,5051,5056,5055)
(10409,5,5046,5040,5029,5023,5017,5011)
(10410,9,5029,5023,5022,5016,5005)
(10411,4,5016,5011,5012,5018,5024,5030,5036,5037,5043,5054,5059)
(10412,4,5039,5028,5017,5011,5005,5000)
(10413,5,5039,5034,5029,5024,5019,5013,5007,5002)
(10414,8,5041,5035,5029,5018,5007,5002)
(10415,4,5049,5038,5027,5016,5011,5006,5001,5002)
(10416,5,5052,5041,5030,5019)
(10417,1,5019,5030,5036,5042,5048)
(10418,8,5012,5018,5024,5030,5035,5040,5051,5057)
(10419,1,5027,5016,5005)
(10420,3,5006,5011,5016,5027,5038)
(10421,8,5010,5021,5026,5031,5036,5035,5040,5051)
(10422,10,5049,5044,5045,5046,5047,5042,5031,5026,5021,5010)
(10423,4,5030,5036,5037,5043,5054,5059)
(10424,11,5036,5030,5019,5008,5002)
(10425,4,5007,5018,5024,5030,5036,5042,5048)
(10426,3,5020,5031,5036,5035,5040,5051,5057)
(10427,11,5012,5018,5029,5040,5051,5056)
(10428,9,5005,5011,5012,5018,5024,5030,5036,5042,5047)
(10429,5,5002,5007,5018,5024,5030,5041,5052,5058,5053)
(10430,5,5005,5011,5012,5018,5029,5040,5051)
(10431,8,5053,5042,5031,5020,5015,5010,5004)
(10432,3,5002,5007,5018,5023,5022,5027,5038)
(10433,5,5026,5031,5037,5043,5054)
(10434,11,5035,5029,5023,5017,5006)
(10435,9,5015,5020,5025,5024,5023,5028,5033,5038,5049,5055)
(10436,11,5055,5049,5038,5033,5034,5035,5036,5031,5020,5014)
(10437,5,5038,5027,5016,5011,5006,5001,5002)
(10438,3,5005,5016,5027,5038,5049)
(10439,1,5038,5027,5016,5005)
(10440,8,5028,5017,5011,5005,5000)
(10441,10,5029,5023,5017,5006)
(10442,6,5055,5049,5038,5027,5016,5011,5006,5001,5002)
(10443,6,5027,5016,5005)
(10444,10,5052,5046,5040,5029,5018,5012,5011,5016)
(10445,1,5053,5047,5046,5040,5034,5028)
(10446,7,5051,5040,5034,5028)
(10447,10,5026,5031,5037,5043,5054)
(10448,4,5030,5041,5052,5058,5059)
(10449,10,5010,5021,5026,5031,5037,5043,5048)
(10450,4,5030,5019,5008,5002)
(10451,8,5036,5035,5029,5023,5022,5016,5005)
(10452,8,5015,5020,5031,5036,5035,5040,5051)
(10453,7,5040,5029,5023,5017,5011)
(10454,9,5049,5044,5045,5046,5047,5042,5031,5026,5021,5010)
(10455,4,5049,5038,5027,5016)
(10456,11,5016,5027,5038,5049)
(10457,3,5029,5023,5017,5006)
(10458,9,5020,5025,5024,5029,5034,5033,5038,5049,5055)
(10459,7,5048,5042,5031,5026,5021)
(10460,6,5008,5019,5030,5036,5042,5047)
(10461,8,5011,5012,5018,5029,5040,5045)
(10462,2,5057,5052,5047,5042,5031,5026,5021,5010)
(10463,7,5026,5031,5037,5043,5054)
(10464,2,5054,5048,5047,5046,5040,5029,5023,5017,5011)
(10465,9,5019,5030,5041,5052,5058,5059)
(10466,11,5019,5030,5036,5037,5043,5054,5059)
(10467,4,5053,5042,5036,5030,5019,5013,5018)
(10468,6,5022,5028,5034,5035,5041,5052,5058,5059)
(10469,2,5023,5024,5030,5036,5037,5043,5054,5059)
(10470,7,5052,5041,5030,5025,5026,5021,5015)
(10471,8,5041,5030,5019)
(10472,8,5057,5052,5047,5042,5031,5026,5021,5015)
(10473,11,5027,5016,5005)
(10474,10,5030,5019,5008,5002)
(10475,11,5009,5020,5031,5036,5035,5040,5051)
(10476,10,5046,5040,5029,5023,5022,5016,5011)
(10477,6,5054,5048,5047,5046,5040,5029,5023,5022,5016,5011)
(10478,2,5037,5036,5035,5029,5023,5017,5006)
(10479,9,5035,5029,5023,5017,5006)
(10480,8,5037,5036,5035,5029,5023,5022,5016,5005)
(10481,10,5051,5040,5029,5023,5017,5011)
(10482,6,5050,5039,5028,5023,5024,5019,5013)
(10483,8,5058,5057,5051,5040,5029,5023,5022,5016,5005)
(10484,7,5044,5039,5028,5017,5011,5005,5000)
(10485,10,5041,5030,5019)
(10486,8,5036,5030,5019,5008,5002)
(10487,4,5019,5030,5041,5052,5058,5053)
(10488,9,5012,5018,5024,5030,5041,5052,5058,5053)
(10489,6,5031,5042,5053)
(10490,11,5042,5031,5026,5021,5015)
(10491,7,5056,5057,5052,5041,5030,5019,5014,5015,5010,5004)
(10492,6,5010,5021,5026,5031,5037,5043,5048)
(10493,2,5045,5046,5047,5042,5031,5026,5021,5010)
(10494,3,5027,5016,5005)
(10495,9,5027,5016,5005)
(10496,2,5049,5038,5027)
(10497,7,5036,5035,5029,5018,5007,5002)
(10498,8,5056,5051,5040,5029,5018,5012,5006)
(10499,8,5046,5040,5029,5023,5017,5006)
(10500,3,5005,5011,5012,5018,5024,5030,5035,5040,5051,5057)
(10501,8,5054,5043,5037,5031,5026)
(10502,4,5023,5024,5030,5041,5052,5057)
(10503,8,5021,5026,5031,5036,5041,5052,5058)
(10504,3,5026,5031,5037,5043,5054)
(10505,7,5026,5031,5037,5043,5054)
(10506,4,5019,5030,5036,5042,5048)
(10507,7,5010,5021,5026,5025,5024,5023,5022,5027,5038)
(10508,2,5044,5045,5046,5047,5042,5031,5020,5015,5010,5004)
(10509,7,5051,5040,5029,5023,5022,5016,5011)
(10510,7,5018,5029,5040)
(10511,3,5024,5029,5040,5051,5057)
