(10014,2,10,16,22,28,34)
(10020,1,30,24,18,12,11,10,4)
(10008,1,5,4,10,16,22,28,34,33,32,26)
(10009,1,32,33,34,28,22,23,24,18,12)
(10000,1,11,12,18,24,23,29,35)
(10037,1,23,22,21,15,9,3,4)
(10017,1,31,32,33,34,28,22,16,10,11)
(10004,1,4,10,16,22,23)
(10043,2,9,8,14,20,26,32,33,34,35)
(10049,1,26,20,14,8,2,3,4,5,6)
(10016,1,23,22,16,10,4,3)
(10025,2,19,13,7,1)
(10001,1,26,25,19,13,7,1,2,3)
(10039,1,10,9,8,14,20,19,25,31,32)
(10012,2,27,26,25,19,13,7,8,2)
(10005,2,27,21,15,16,10,4,5)
(10002,1,14,20,26,32,33,34,35)
(10024,2,32,33,34,28,29,23,17,18,12)
(10047,1,8,14,15,16,17,23,29,30)
(10030,1,7,13,19,25,31,32,33,34,35,36)
(10035,2,36,30,24,18,12)
(10019,2,16,15,14,20,26,32,33,34,35,36)
(10032,2,25,19,13,7,1,2)
(10040,1,18,24,30,36)
(10003,1,32,26,25,19,13)
(10041,1,11,17,23,29,35,34)
(10048,1,10,16,15,14,20,26,32,33,34,35)
(10046,2,14,20,26,32,33,34,35)
(10045,2,18,24,30,36)
(10028,1,27,21,15,16,10,4)
(10026,2,36,30,24,18)
(10011,1,30,29,28,27,21,15,9,3)
(10015,1,20,14,8,7,1)
(10018,1,14,20,26,32,33,34,35,36)
(10023,1,33,27,26,25,19,13,7,1)
(10034,1,17,18,24,30,29,35)
(10027,2,26,25,19,13,7,1,2,8)
(10031,2,19,13,7,1)
(10042,2,7,8,2,3,4,5,6,12,18,24,30)
(10033,2,22,16,10,4)
(10038,2,8,14,20,21,22,28,34)
(10022,2,18,24,30,36)
(10029,2,31,32,33,34,28,22,16,10,11)
(10050,1,28,22,16,10,4,3)
(10007,1,8,14,20,26,27,28,29,30)
(10006,1,14,20,26,32)
(10013,2,34,33,32,26,20,19,13,7)
(10021,1,32,26,20,14,15,16,10,4)
(10044,2,31,32,33,34,28,22,23,24,18,12,6,5)
(10010,1,4,3,9,15,21,20,26,32,31)
(10036,1,17,23,29,35,36)
