(10000,6,5014,5019,5030,5041,5052,5058)
(10001,6,5044,5038,5027,5022,5023,5018,5007)
(10002,6,5023,5024,5030,5041,5052,5058)
(10003,6,5050,5044,5038,5027)
(10004,6,5008,5019,5030,5041,5047,5042)
(10005,12,5045,5039,5028,5017,5006,5001,5002,5003)
(10006,6,5028,5039,5050)
(10007,1,5012,5013,5019,5030,5041,5047,5048)
(10008,6,5009,5014,5013,5018,5029,5040,5045)
(10009,1,5050,5039,5028,5023,5024,5025,5020,5015)
(10010,6,5008,5013,5012,5017,5028,5039,5050,5055)
(10011,1,5043,5032,5021,5010,5004,5003,5002)
(10012,12,5045,5044,5038,5027,5016,5011,5012,5007,5001)
(10013,12,5052,5041,5030,5019,5013,5012,5011)
(10014,12,5019,5030,5041,5052)
(10015,1,5028,5017,5011,5005)
(10016,1,5036,5035,5029,5018,5007)
(10017,1,5049,5044,5039,5028,5023,5024,5025,5020)
(10018,6,5023,5024,5025,5026,5032,5043,5054)
(10019,12,5025,5031,5042,5053,5059)
(10020,6,5043,5032,5021,5015,5014,5008)
(10021,1,5055,5049,5038,5027,5022,5017,5012,5013,5008)
(10022,12,5032,5043,5054)
(10023,1,5051,5040,5029,5018,5012,5011,5005)
(10024,12,5050,5039,5028,5017,5012,5013,5014,5015)
(10025,12,5027,5016,5005)
(10026,12,5054,5043,5032)
(10027,12,5039,5028,5017)
(10028,6,5040,5029,5024,5019,5008)
(10029,12,5055,5050,5039,5028,5017,5012,5013,5014)
(10030,1,5016,5027,5038,5049,5055,5056,5057,5058,5059)
(10031,12,5027,5016,5005)
(10032,12,5038,5027,5022,5017,5006)
(10033,12,5030,5019,5008)
(10034,6,5031,5042,5053)
(10035,12,5054,5043,5032,5021)
(10036,1,5031,5042,5053,5059)
(10037,1,5037,5032,5021,5010,5004,5003)
(10038,12,5012,5018,5024,5030,5041,5052)
(10039,1,5019,5030,5041,5052,5057,5056)
(10040,6,5032,5043,5054)
(10041,6,5014,5019,5030,5035,5040,5051,5057)
(10042,12,5011,5017,5028,5039,5050,5056,5057,5058,5059,5054)
(10043,12,5013,5019,5030,5036,5042,5053)
(10044,6,5049,5038,5033,5028,5017,5006,5001,5002,5003)
(10045,12,5032,5043,5054)
(10046,12,5023,5024,5030,5036,5042,5053)
(10047,1,5017,5023,5024,5025,5031,5042,5048)
(10048,1,5019,5030,5036,5042,5053)
(10049,1,5039,5028,5017,5006,5001,5002,5003,5004)
(10050,1,5046,5040,5029,5018,5007)
(10051,6,5016,5022,5028,5039,5050,5055)
(10052,6,5031,5042,5053)
(10053,12,5006,5012,5013,5019,5030,5035)
(10054,6,5027,5016,5005)
(10055,12,5049,5038,5027,5016,5005)
(10056,1,5010,5021,5032,5043)
(10057,7,5032,5021,5010,5004,5003,5002)
(10058,7,5012,5018,5029,5040,5046,5052)
(10059,12,5052,5041,5030,5019,5013,5007,5001)
(10060,12,5056,5050,5039,5028,5023,5024,5025,5020,5015,5010)
(10061,1,5009,5020,5031,5037,5043,5054)
(10062,1,5009,5014,5019,5030,5041,5046,5045,5044)
(10063,7,5027,5016,5005)
(10064,7,5040,5029,5023,5017)
(10065,1,5027,5038,5049)
(10066,7,5050,5039,5028,5023,5024,5025,5026,5021)
(10067,12,5047,5046,5040,5029,5018,5012,5011,5005)
(10068,7,5042,5031,5020,5014,5013,5012,5011)
(10069,12,5044,5039,5028,5017,5012,5013,5014,5009)
(10070,1,5028,5017,5011,5005)
(10071,1,5049,5038,5027,5016,5005,5000,5001,5002,5008)
(10072,13,5017,5028,5039,5050,5056,5051)
(10073,1,5005,5016,5027,5038,5049,5055,5056,5057,5058,5053)
(10074,1,5030,5019,5013,5007,5001)
(10075,1,5036,5035,5029,5018,5007)
(10076,1,5028,5017,5006)
(10077,13,5042,5031,5020,5014,5013,5007,5001)
(10078,1,5003,5004,5010,5021,5032,5043)
(10079,1,5029,5040,5051)
(10080,7,5055,5049,5038,5027,5016,5005)
(10081,7,5058,5057,5056,5050,5044,5038,5027)
(10082,1,5022,5023,5024,5030,5036,5042,5053)
(10083,7,5053,5042,5031,5025,5019)
(10084,13,5007,5013,5019,5030,5041,5052,5058,5059)
(10085,13,5030,5041,5052,5058)
(10086,1,5039,5028,5017)
(10087,7,5014,5015,5021,5032,5043,5054)
(10088,7,5021,5032,5043)
(10089,13,5044,5038,5027,5022,5017,5012,5013,5008,5002)
(10090,2,5030,5036,5042,5053,5059)
(10091,13,5043,5032,5026,5025,5019)
(10092,2,5004,5009,5014,5013,5012,5017,5022,5027,5038,5049)
(10093,7,5015,5014,5019,5024,5029,5040,5051,5056)
(10094,13,5046,5040,5029,5018,5012,5011,5005)
(10095,2,5049,5044,5039,5028,5023,5024,5025,5020,5015)
(10096,7,5045,5039,5028,5023,5024,5025,5026,5021,5010)
(10097,2,5032,5043,5054)
(10098,13,5051,5040,5029,5018,5013,5014,5009,5003)
(10099,2,5017,5028,5039)
(10100,7,5012,5018,5029,5040)
(10101,7,5052,5046,5040,5029,5018,5007)
(10102,13,5024,5030,5041,5052,5058)
(10103,13,5030,5019,5013,5007,5001)
(10104,7,5050,5039,5028,5023,5024,5025,5026,5021,5010)
(10105,7,5054,5043,5032,5026,5025,5019)
(10106,13,5011,5012,5013,5019,5030,5036,5042,5053,5058)
(10107,13,5027,5016,5005)
(10108,2,5050,5039,5028)
(10109,7,5040,5029,5018)
(10110,7,5012,5018,5029,5040,5046,5052)
(10111,13,5051,5040,5029,5023)
(10112,7,5005,5016,5027,5033,5034,5035,5036)
(10113,13,5017,5022,5027,5038,5049,5055)
(10114,7,5049,5038,5027,5022,5023,5018)
(10115,7,5055,5049,5038,5027,5016,5005,5000,5001)
(10116,13,5030,5036,5042,5053)
(10117,7,5015,5014,5019,5030,5041,5052,5058)
(10118,7,5014,5015,5021,5032,5043)
(10119,13,5011,5012,5013,5019,5030,5041,5052)
(10120,7,5054,5043,5032,5026,5025,5024,5023,5017)
(10121,2,5029,5018,5012,5011,5005)
(10122,13,5003,5008,5019,5030,5041)
(10123,13,5051,5040,5029,5018,5012,5011,5005)
(10124,13,5010,5021,5032,5037,5042,5053)
(10125,2,5010,5021,5032,5043,5048)
(10126,7,5004,5010,5021,5032,5043,5054)
(10127,2,5004,5009,5014,5013,5012,5017,5022,5027,5033,5039,5050,5055)
(10128,2,5017,5023,5024,5030,5041,5047,5053)
(10129,2,5027,5016,5005)
(10130,2,5038,5027,5016)
(10131,7,5041,5030,5024,5018)
(10132,2,5030,5041,5052)
(10133,7,5012,5018,5024,5030,5041,5047,5048)
(10134,7,5006,5012,5018,5023,5028,5039,5050,5055)
(10135,7,5032,5043,5054)
(10136,8,5004,5003,5008,5019,5030,5041)
(10137,2,5015,5014,5019,5030,5041,5052)
(10138,13,5036,5035,5029,5018,5012,5011,5005)
(10139,8,5051,5040,5029)
(10140,2,5050,5039,5028,5017,5006,5001,5002,5003,5004)
(10141,8,5043,5032,5021,5010,5004)
(10142,8,5016,5027,5033,5039)
(10143,13,5007,5012,5017,5022,5027,5038,5049,5055)
(10144,8,5030,5019,5008)
(10145,13,5016,5027,5038,5049)
(10146,13,5054,5048,5042,5037,5032,5021,5015,5014,5013,5012,5017,5022)
(10147,2,5027,5038,5049)
(10148,8,5031,5042,5053,5059)
(10149,13,5034,5028,5017,5006)
(10150,8,5047,5048,5043,5032,5021,5010)
(10151,13,5049,5038,5027,5016)
(10152,8,5007,5013,5019,5030,5041,5052)
(10153,8,5042,5031,5025,5024,5018,5012)
(10154,2,5053,5042,5031)
(10155,8,5052,5041,5030,5019,5008)
(10156,13,5032,5043,5054)
(10157,2,5027,5016,5005)
(10158,13,5031,5042,5053)
(10159,2,5014,5013,5018,5029,5040,5051)
(10160,2,5051,5040,5029,5024,5019,5008)
(10161,2,5013,5012,5017,5022,5027,5038,5049)
(10162,8,5009,5014,5019,5030,5041)
(10163,13,5031,5042,5053,5059)
(10164,13,5031,5042,5053)
(10165,8,5004,5009,5020,5031,5042,5048)
(10166,13,5055,5050,5039,5028,5017,5012,5013,5014,5015,5010)
(10167,8,5027,5016,5005)
(10168,2,5027,5016,5005)
(10169,2,5008,5019,5025,5031,5042,5048)
(10170,14,5024,5030,5041,5047,5053)
(10171,2,5023,5024,5025,5031,5037,5043,5054)
(10172,14,5018,5024,5030,5041,5052,5057,5051)
(10173,14,5012,5018,5024,5030,5036,5037,5043,5054)
(10174,2,5004,5009,5014,5013,5012,5017,5022,5027,5038,5049)
(10175,8,5023,5024,5030,5041,5052)
(10176,8,5015,5014,5019,5030,5041,5052,5057)
(10177,14,5057,5051,5040,5029,5018,5007)
(10178,14,5044,5039,5028,5023,5018,5013,5008,5003,5004)
(10179,8,5035,5029,5018,5007)
(10180,8,5024,5030,5041,5052,5058,5059)
(10181,8,5043,5032,5021)
(10182,14,5007,5018,5024,5030,5041,5047,5053)
(10183,14,5010,5015,5014,5013,5018,5023,5028,5033,5038,5049)
(10184,14,5011,5012,5018,5024,5030,5036,5037,5043,5048)
(10185,2,5019,5030,5041,5047,5053)
(10186,2,5059,5054,5043,5032,5021)
(10187,2,5047,5041,5030,5019,5008)
(10188,8,5027,5038,5049,5055)
(10189,8,5028,5017,5006)
(10190,8,5043,5032,5021,5015,5014,5008)
(10191,8,5021,5032,5043)
(10192,2,5020,5031,5042,5048)
(10193,2,5008,5013,5018,5029,5040)
(10194,3,5009,5014,5013,5018,5023,5028,5039,5050,5055)
(10195,14,5042,5031,5020,5014,5013,5012,5011)
(10196,3,5038,5027,5022,5017,5006)
(10197,3,5044,5038,5027,5016,5005)
(10198,14,5019,5030,5036,5042,5048,5054)
(10199,14,5027,5016,5005)
(10200,3,5011,5012,5018,5029,5040)
(10201,14,5058,5053,5042,5031,5020)
(10202,8,5030,5019,5008)
(10203,3,5030,5041,5047,5053)
(10204,14,5041,5030,5019,5008)
(10205,8,5027,5016,5005)
(10206,3,5054,5048,5047,5041,5030,5024,5023,5022)
(10207,14,5010,5021,5032,5037,5042)
(10208,14,5019,5030,5041,5052,5058,5053)
(10209,8,5027,5016,5005)
(10210,14,5027,5016,5005)
(10211,3,5028,5017,5006)
(10212,8,5007,5013,5019,5030,5041,5047,5048)
(10213,8,5056,5051,5040,5029,5018)
(10214,3,5026,5032,5043,5054)
(10215,14,5006,5012,5018,5024,5030,5041,5052,5058,5059)
(10216,14,5025,5030,5041,5052,5058)
(10217,14,5032,5043,5054)
(10218,14,5012,5018,5023,5028,5033,5038,5049)
(10219,3,5030,5019,5013,5007,5001)
(10220,8,5006,5017,5023,5029,5040,5051)
(10221,3,5028,5017,5011,5005)
(10222,14,5043,5032,5021,5010,5004,5003,5002,5001)
(10223,3,5047,5042,5031,5020,5009)
(10224,14,5010,5021,5032,5037,5036,5035,5040)
(10225,8,5038,5027,5022,5017,5006)
(10226,8,5023,5024,5030,5041,5047,5048,5054)
(10227,9,5027,5016,5005)
(10228,9,5003,5004,5010,5021,5032,5043,5048,5042)
(10229,3,5053,5042,5031,5025)
(10230,14,5043,5032,5021,5010,5004,5003,5008,5013,5012,5011)
(10231,14,5042,5037,5032,5021,5010)
(10232,9,5032,5043,5054)
(10233,3,5012,5017,5022,5027,5038,5049)
(10234,14,5017,5028,5034,5040,5051)
(10235,3,5008,5013,5012,5017,5022,5027,5033,5039,5050,5055)
(10236,3,5021,5032,5043)
(10237,3,5028,5017,5011,5005)
(10238,9,5006,5017,5028,5039,5050,5056,5057,5058,5059,5054)
(10239,9,5041,5030,5019)
(10240,3,5017,5028,5039,5050)
(10241,9,5031,5020,5009)
(10242,14,5043,5032,5026,5025,5024,5018)
(10243,3,5030,5019,5008)
(10244,9,5021,5032,5043,5054)
(10245,14,5036,5035,5029,5018,5012,5011,5005)
(10246,14,5024,5030,5041,5052,5058)
(10247,9,5032,5021,5010,5004)
(10248,9,5030,5041,5052,5058,5059)
(10249,14,5015,5014,5013,5018,5023,5028,5039,5050)
(10250,9,5043,5032,5026,5025,5024,5023,5017)
(10251,3,5028,5017,5011,5005)
(10252,14,5054,5043,5032,5026,5025)
(10253,9,5046,5040,5029,5018,5007)
(10254,15,5024,5030,5041,5052)
(10255,3,5041,5030,5019,5013,5007,5001)
(10256,15,5005,5011,5012,5018,5024,5030,5036,5042,5047)
(10257,3,5029,5018,5012,5011,5005)
(10258,9,5032,5021,5010,5004)
(10259,9,5016,5027,5033,5034,5035,5041,5052)
(10260,15,5013,5019,5030,5041,5052)
(10261,3,5008,5019,5024,5023,5022,5027,5038,5049)
(10262,15,5004,5009,5020,5031,5037)
(10263,15,5015,5014,5019,5024,5023,5022,5027,5038,5049,5055)
(10264,9,5051,5040,5029,5018,5012,5011,5005)
(10265,3,5053,5042,5031,5020,5014,5013,5007,5001)
(10266,9,5019,5030,5041,5052,5057)
(10267,3,5041,5030,5019,5013,5012,5011)
(10268,3,5027,5016,5005)
(10269,9,5049,5044,5039,5028,5023,5024,5025,5020,5009)
(10270,9,5052,5041,5030)
(10271,3,5032,5021,5010,5004,5003)
(10272,15,5038,5027,5016,5011,5012,5013,5014,5015,5010,5004)
(10273,9,5013,5019,5030,5041,5052)
(10274,15,5027,5038,5049,5055,5056,5057,5058,5059)
(10275,3,5015,5014,5013,5018,5029,5040,5051,5057)
(10276,15,5007,5018,5024,5030,5036,5037)
(10277,3,5013,5012,5017,5022,5027,5038,5049)
(10278,15,5036,5035,5029,5018,5007)
(10279,3,5030,5019,5013,5007,5001)
(10280,15,5041,5030,5019,5013,5007,5001)
(10281,9,5029,5040,5051)
(10282,3,5049,5038,5027,5022,5023,5018,5007)
(10283,4,5032,5043,5054)
(10284,15,5052,5041,5030)
(10285,9,5000,5006,5017,5028,5039,5050,5056)
(10286,9,5054,5043,5032,5021,5010,5004)
(10287,9,5011,5012,5013,5014,5015,5021,5032,5043,5048)
(10288,4,5032,5043,5054)
(10289,9,5042,5031,5025,5024,5018)
(10290,15,5026,5031,5042,5053,5059)
(10291,9,5053,5042,5031,5025,5024)
(10292,4,5006,5012,5018,5029,5035)
(10293,15,5024,5030,5036,5042,5053)
(10294,4,5018,5029,5040,5051,5057)
(10295,9,5052,5041,5030,5019)
(10296,15,5016,5027,5038,5044,5050)
(10297,4,5029,5040,5051,5057)
(10298,15,5007,5018,5024,5030,5041,5047,5048)
(10299,9,5007,5013,5019,5030,5041,5052,5058)
(10300,9,5031,5042,5053,5059)
(10301,4,5012,5018,5023,5028,5039,5050,5056)
(10302,9,5024,5030,5041,5052,5058)
(10303,15,5035,5029,5018,5012,5011,5005)
(10304,4,5057,5056,5050,5039,5028,5023,5024,5025,5020)
(10305,9,5027,5038,5049,5055,5056,5057)
(10306,9,5029,5018,5012,5011,5005)
(10307,15,5050,5039,5028)
(10308,15,5032,5037,5042,5053,5059)
(10309,15,5034,5028,5017,5006)
(10310,15,5027,5016,5005)
(10311,15,5028,5017,5006)
(10312,10,5004,5009,5014,5019,5030,5041,5052)
(10313,4,5029,5018,5007)
(10314,15,5005,5011,5012,5013,5019,5030,5041,5052,5058,5059,5054)
(10315,4,5043,5032,5021,5010,5004)
(10316,15,5035,5029,5018,5012,5011,5005)
(10317,4,5010,5021,5032)
(10318,4,5015,5014,5013,5012,5017,5028,5039,5050,5055)
(10319,15,5040,5029,5018,5013,5008)
(10320,15,5040,5029,5018,5012,5011,5005)
(10321,10,5020,5031,5042)
(10322,10,5056,5050,5044,5038,5027)
(10323,10,5018,5029,5040,5051)
(10324,4,5055,5056,5057,5052,5041,5030,5019)
(10325,4,5019,5030,5041,5047,5053)
(10326,15,5016,5027,5038,5049)
(10327,4,5014,5019,5030,5041,5047,5053)
(10328,15,5029,5018,5007)
(10329,10,5019,5030,5041)
(10330,4,5016,5027,5033,5034,5035,5036,5042)
(10331,10,5054,5043,5032,5021)
(10332,4,5051,5040,5029,5023,5017)
(10333,4,5020,5031,5042,5048)
(10334,15,5014,5020,5031,5042,5048,5054)
(10335,4,5006,5017,5028,5034,5035)
(10336,15,5027,5016,5011,5006,5000)
(10337,4,5007,5018,5024,5030,5041,5047,5053)
(10338,15,5010,5015,5020,5031,5037)
(10339,10,5038,5027,5022,5017,5006)
(10340,16,5019,5030,5041,5052,5057,5056)
(10341,16,5027,5038,5049)
(10342,10,5030,5019,5013,5007,5001)
(10343,10,5043,5032,5026,5020)
(10344,10,5051,5040,5029,5018,5007)
(10345,16,5043,5032,5026,5020)
(10346,10,5032,5043,5054)
(10347,16,5038,5027,5022,5023,5024,5019,5008)
(10348,16,5053,5042,5031,5025,5024,5018)
(10349,4,5036,5030,5019,5008)
(10350,16,5027,5016,5005)
(10351,10,5042,5031,5020,5014,5013,5012,5011)
(10352,16,5027,5016,5005)
(10353,16,5042,5031,5025,5024,5018,5012)
(10354,4,5027,5033,5034,5040,5051)
(10355,4,5015,5014,5019,5030,5041,5047,5053)
(10356,4,5008,5019,5024,5029,5040,5051)
(10357,10,5032,5043,5054)
(10358,16,5018,5029,5035,5041,5047)
(10359,10,5032,5043,5054)
(10360,16,5050,5039,5028,5017)
(10361,16,5050,5039,5028,5017,5012,5013,5014,5015)
(10362,10,5042,5031,5020)
(10363,16,5051,5040,5029,5018,5007)
(10364,10,5032,5021,5010,5004)
(10365,10,5058,5057,5051,5040,5029,5018,5012,5011,5005)
(10366,4,5006,5017,5028,5039,5050)
(10367,16,5016,5027,5033,5034,5040,5045)
(10368,10,5050,5039,5028,5023,5024,5025,5020,5015)
(10369,10,5028,5017,5011,5005)
(10370,10,5027,5016,5005)
(10371,4,5054,5043,5032,5021,5010,5004,5003,5002)
(10372,16,5027,5016,5005)
(10373,10,5005,5011,5017,5023,5024,5030,5041,5047,5053)
(10374,16,5020,5031,5037,5043,5054)
(10375,10,5055,5049,5038,5027,5016,5005,5000,5001)
(10376,10,5003,5002,5001,5000,5005,5016,5027,5038)
(10377,16,5054,5043,5032,5021,5015,5014,5008)
(10378,16,5015,5014,5013,5018,5029,5040,5051)
(10379,10,5024,5030,5041,5052)
(10380,10,5015,5014,5013,5012,5017,5028,5033,5038,5049)
(10381,16,5017,5028,5039,5050,5055)
(10382,16,5038,5027,5016,5005,5000,5001,5002)
(10383,16,5018,5029,5040)
(10384,16,5040,5029,5018,5007)
(10385,10,5007,5018,5029,5040)
(10386,4,5013,5012,5017,5022,5027,5038,5049)
(10387,4,5016,5027,5038,5044)
(10388,10,5014,5019,5030,5041,5052)
(10389,4,5035,5029,5018,5007)
(10390,16,5031,5020,5014,5013,5007,5001)
(10391,16,5046,5040,5029,5018,5012,5011,5005)
(10392,10,5043,5032,5026,5025,5019)
(10393,16,5007,5018,5029)
(10394,4,5043,5032,5021)
(10395,16,5030,5036,5042,5053)
(10396,16,5032,5043,5054)
(10397,4,5039,5028,5023,5024,5025,5020,5009)
(10398,16,5027,5038,5049)
(10399,16,5027,5016,5005)
(10400,10,5051,5040,5029,5023,5017)
(10401,10,5027,5016,5005)
(10402,5,5055,5049,5038,5027,5016)
(10403,16,5026,5032,5043,5054)
(10404,11,5023,5024,5030,5041,5052)
(10405,16,5006,5012,5018,5029,5040,5051,5057)
(10406,17,5044,5038,5027,5016,5011,5012,5007)
(10407,5,5007,5018,5023,5022,5027,5038,5049)
(10408,17,5029,5018,5012,5011,5005)
(10409,11,5030,5036,5042,5053,5059)
(10410,17,5045,5039,5028,5017,5006,5001,5002,5003)
(10411,5,5043,5032,5021,5015,5014,5008)
(10412,5,5028,5039,5050)
(10413,5,5019,5030,5041,5052,5057,5056)
(10414,17,5056,5050,5044,5038,5027)
(10415,5,5027,5016,5005)
(10416,11,5013,5019,5030,5041)
(10417,5,5032,5043,5054)
(10418,5,5031,5042,5053)
(10419,5,5025,5026,5032,5043,5054)
(10420,17,5032,5043,5054)
(10421,5,5013,5014,5020,5031,5042,5048)
(10422,17,5032,5021,5010,5004,5003,5002)
(10423,5,5031,5042,5053)
(10424,17,5039,5028,5017)
(10425,17,5022,5023,5024,5030,5041,5052,5058)
(10426,5,5050,5039,5028,5023,5024,5025,5020,5009)
(10427,11,5050,5039,5028,5023,5024,5025,5020,5015)
(10428,17,5017,5028,5039,5045,5051)
(10429,17,5023,5024,5030,5041,5052)
(10430,5,5010,5021,5032,5043,5054)
(10431,5,5049,5044,5039,5028,5017,5012,5007,5002,5008)
(10432,17,5039,5028,5017)
(10433,5,5032,5043,5054)
(10434,11,5006,5017,5023,5024,5030,5041,5052,5058,5059)
(10435,5,5029,5018,5007)
(10436,5,5016,5027,5038,5044)
(10437,11,5051,5040,5029,5018)
(10438,5,5008,5019,5030,5041,5052,5058)
(10439,11,5037,5032,5021,5010,5004,5003)
(10440,17,5030,5019,5013,5007,5001)
(10441,5,5009,5014,5013,5012,5011,5016,5027,5038)
(10442,11,5030,5019,5008)
(10443,11,5042,5031,5020,5014,5013,5012,5011)
(10444,17,5056,5050,5039,5028,5023,5024,5025,5020,5009)
(10445,5,5026,5031,5042,5053,5059)
(10446,11,5050,5044,5038,5027)
(10447,11,5044,5038,5027,5022,5017,5006)
(10448,11,5020,5031,5042)
(10449,5,5038,5027,5016,5005)
(10450,5,5044,5038,5027,5022,5017,5006,5001,5002)
(10451,5,5051,5040,5029,5024,5019,5008)
(10452,17,5023,5024,5030,5036,5042,5053)
(10453,5,5056,5050,5044,5038,5027,5022,5017,5006)
(10454,11,5017,5023,5024,5030,5036,5042,5048)
(10455,5,5014,5019,5024,5023,5022,5027,5038,5049)
(10456,11,5020,5031,5042,5048)
(10457,17,5012,5013,5019,5030,5041,5046)
(10458,17,5053,5042,5031,5025)
(10459,17,5022,5023,5029,5035,5041,5052)
(10460,5,5014,5019,5030,5041,5052,5058)
(10461,17,5053,5042,5031,5020,5014,5013,5012,5011)
(10462,11,5007,5018,5029)
(10463,11,5024,5030,5041,5052)
(10464,11,5027,5038,5044,5045,5046,5052)
(10465,17,5036,5035,5029,5018,5007)
(10466,11,5016,5027,5033,5039)
(10467,11,5011,5017,5028,5039)
(10468,11,5053,5042,5031,5025,5024,5023,5017)
(10469,17,5043,5032,5021,5010,5004,5003,5002,5001)
(10470,5,5031,5042,5053,5059)
(10471,11,5038,5027,5016,5005)
(10472,17,5041,5030,5019,5008)
(10473,17,5040,5029,5023,5017)
(10474,5,5030,5041,5052)
(10475,5,5027,5016,5005)
(10476,5,5011,5012,5018,5024,5025,5031,5037,5043,5054)
(10477,6,5027,5038,5049,5055,5056)
(10478,11,5052,5041,5030,5019,5013,5007,5001)
(10479,11,5020,5031,5042,5053,5059)
(10480,11,5032,5021,5010)
(10481,6,5054,5048,5047,5041,5030,5024,5023,5022)
(10482,17,5004,5010,5021,5032,5043,5054)
(10483,17,5007,5013,5019,5030)
(10484,17,5015,5014,5013,5012,5017,5028,5033,5038,5049)
(10485,6,5013,5019,5030,5041,5052,5058)
(10486,6,5056,5050,5039,5028,5023,5024,5025,5026,5021)
(10487,6,5030,5036,5042,5053)
(10488,11,5023,5024,5030,5041,5052)
(10489,17,5008,5019,5030,5036,5037)
(10490,17,5045,5044,5038,5027,5016,5005,5000)
(10491,11,5054,5043,5032,5021,5010,5004,5003,5002,5001)
(10492,11,5007,5018,5023,5022,5027,5038,5049,5055)
(10493,6,5027,5016,5005)
(10494,17,5021,5032,5037,5042,5053)
(10495,11,5053,5042,5031,5025,5024)
(10496,11,5056,5050,5039,5028,5023,5024,5025,5020,5015)
(10497,6,5040,5029,5024,5019,5008)
(10498,17,5036,5035,5029,5018,5012,5011,5005)
(10499,6,5014,5019,5030,5041,5052)
(10500,11,5038,5027,5016,5005,5000,5001,5002)
(10501,6,5031,5037,5043,5054)
(10502,17,5028,5017,5006)
(10503,12,5031,5042,5048,5054)
(10504,6,5005,5011,5012,5018,5029,5040,5046)
(10505,6,5050,5044,5038,5027)
(10506,6,5014,5019,5030,5036,5042,5053,5058)
(10507,12,5045,5039,5028,5017,5006,5001,5002,5003,5004)
(10508,12,5035,5029,5018,5012,5011,5005)
(10509,12,5006,5017,5028)
(10510,18,5041,5030,5019,5013,5012,5011)
(10511,18,5022,5023,5024,5030,5041,5052,5058)
