(10000,3,5029,5035,5036,5042,5053)
(10001,3,5030,5041,5052)
(10002,2,5016,5027,5038,5049)
(10003,2,5057,5051,5040,5029,5018,5012,5011)
(10004,1,5030,5019,5013,5012,5006)
(10005,1,5028,5017,5006)
(10006,3,5029,5018,5012,5006)
(10007,1,5031,5020,5009,5003,5002,5001)
(10008,3,5049,5038,5027,5016,5005)
(10009,3,5048,5047,5041,5030,5024,5023,5017)
(10010,1,5051,5040,5029,5018,5012,5006)
(10011,1,5029,5040,5051)
(10012,4,5029,5018,5012,5006)
(10013,1,5053,5042,5037,5032,5021)
(10014,1,5030,5036,5037,5043,5054)
(10015,1,5000,5001,5007,5018,5029,5040,5046)
(10016,1,5030,5019,5013,5012,5006,5000)
(10017,4,5018,5029,5040,5045,5050)
(10018,2,5027,5038,5049)
(10019,1,5029,5035,5036,5042,5053)
(10020,4,5046,5041,5030,5019,5014,5009)
(10021,2,5015,5020,5031,5042,5053)
(10022,1,5008,5019,5030,5036,5042,5048)
(10023,4,5029,5018,5012,5006)
(10024,4,5044,5045,5046,5041,5030,5019,5014,5009)
(10025,2,5053,5047,5041,5030)
(10026,1,5039,5028,5017,5011)
(10027,1,5032,5043,5054)
(10028,4,5008,5019,5030,5036,5042,5053)
(10029,2,5032,5043,5054)
(10030,2,5039,5028,5017,5006)
(10031,4,5050,5045,5046,5041,5030,5019,5014,5009)
(10032,1,5012,5013,5019,5030,5041,5052)
(10033,2,5051,5046,5041,5030,5019,5008,5003,5004)
(10034,2,5001,5002,5008,5019,5030,5036)
(10035,4,5005,5016,5027)
(10036,4,5016,5027,5038,5044,5050)
(10037,2,5027,5016,5005)
(10038,2,5053,5042,5031,5020,5009,5004)
(10039,1,5020,5031,5037,5043,5054)
(10040,1,5055,5056,5051,5046,5041,5030,5019,5008,5003,5004)
(10041,2,5030,5041,5052)
(10042,2,5055,5056,5051,5040,5029,5018)
(10043,1,5040,5029,5018)
(10044,2,5031,5020,5009,5003,5002,5001)
(10045,3,5001,5002,5008,5019,5030,5036,5042)
(10046,1,5030,5019,5013,5012,5006,5000)
(10047,3,5030,5041,5052)
(10048,3,5005,5016,5027,5038,5049)
(10049,1,5008,5019,5030,5036)
(10050,4,5024,5030,5041,5052)
(10051,1,5018,5024,5030,5036,5042,5048)
(10052,4,5028,5039,5050)
(10053,1,5018,5024,5030,5036,5042,5048)
(10054,4,5017,5028,5039,5045,5046,5052,5058)
(10055,1,5001,5002,5008,5019,5030)
(10056,1,5030,5036,5042,5053)
(10057,4,5055,5056,5051,5040,5029,5024,5019)
(10058,1,5037,5036,5030,5019,5008)
(10059,1,5008,5019,5030,5036,5042)
(10060,3,5023,5024,5030,5036,5037,5043,5054)
(10061,3,5015,5014,5019,5030,5041,5052)
(10062,4,5008,5019,5030)
(10063,1,5022,5023,5029,5040,5051)
(10064,1,5031,5020,5009,5003,5002,5001,5000)
(10065,3,5007,5018,5029,5040,5045,5044,5049)
(10066,3,5053,5042,5036,5030,5019,5013,5012,5011)
(10067,4,5032,5043,5054)
(10068,1,5004,5003,5008,5019,5024,5029,5040,5051)
(10069,4,5018,5029,5040,5045,5050)
(10070,1,5030,5036,5037,5043,5054)
(10071,1,5053,5047,5041,5030)
(10072,4,5052,5041,5030,5019,5008,5002,5001)
(10073,3,5031,5020,5009,5003,5002,5001)
(10074,3,5051,5040,5029,5023)
(10075,2,5026,5032,5043,5054)
(10076,3,5051,5040,5029,5018,5012,5006)
(10077,4,5007,5018,5029,5040)
(10078,2,5007,5018,5029,5040,5045,5050)
(10079,2,5024,5030,5041,5052)
(10080,3,5037,5036,5030,5019,5008,5002,5001)
(10081,3,5018,5029,5040,5046)
(10082,4,5040,5029,5018,5012,5006,5000)
(10083,3,5054,5043,5032,5021,5010)
(10084,4,5019,5030,5036,5042,5048)
(10085,4,5052,5041,5030,5019,5014,5015)
(10086,3,5044,5045,5040,5029,5018,5007)
(10087,4,5029,5018,5012,5006,5000)
(10088,3,5032,5043,5054)
(10089,2,5030,5019,5008,5002)
(10090,3,5008,5019,5030,5036)
(10091,4,5053,5042,5031,5020,5009)
(10092,2,5040,5029,5018,5012,5011)
(10093,3,5027,5016,5005)
(10094,2,5030,5019,5008)
(10095,3,5032,5021,5010)
(10096,3,5057,5051,5040,5029,5023)
(10097,2,5028,5039,5045,5046,5047,5053)
(10098,4,5021,5032,5043)
(10099,4,5054,5043,5032,5021)
(10100,4,5028,5039,5050)
(10101,4,5017,5028,5039,5044,5049)
(10102,2,5028,5017,5006)
(10103,3,5000,5001,5002,5008,5019,5030,5036,5042,5048,5054)
(10104,3,5018,5029,5040,5051)
(10105,4,5030,5036,5037,5043,5054)
(10106,2,5039,5028,5017,5011)
(10107,3,5003,5008,5019,5024,5029,5040,5051)
(10108,4,5038,5027,5016)
(10109,2,5028,5039,5050)
(10110,4,5020,5031,5037,5043)
(10111,5,5056,5051,5040,5029,5024,5019)
(10112,3,5026,5032,5043,5054)
(10113,2,5044,5045,5046,5041,5030,5019,5014,5009)
(10114,5,5005,5000,5001,5002,5008,5019,5030,5036,5042,5048)
(10115,2,5006,5017,5028,5039)
(10116,5,5041,5030,5019,5013,5007,5001)
(10117,5,5023,5029,5040,5051)
(10118,3,5016,5027,5038,5044)
(10119,5,5039,5028,5017,5006,5000)
(10120,2,5028,5017,5006)
(10121,2,5051,5040,5029,5018,5012,5011)
(10122,5,5017,5028,5039,5044,5049)
(10123,2,5053,5042,5031,5020)
(10124,5,5041,5030,5019,5014,5009)
(10125,3,5019,5030,5036,5042,5053)
(10126,2,5009,5020,5031,5042,5053)
(10127,5,5028,5017,5006)
