(10000,40,5030,5041,5052,5058)
(10001,49,5005,5016,5022,5028,5034,5035,5036,5042,5048,5054)
(10002,32,5005,5000,5001,5007,5013,5019,5025,5031,5037,5043,5054)
(10003,1,5018,5029,5040,5051,5057,5058)
(10004,59,5016,5027,5038,5049)
(10005,40,5018,5029,5040)
(10006,32,5045,5046,5047,5042,5031,5020,5009,5003)
(10007,23,5017,5028,5033,5038,5049)
(10008,49,5030,5024,5023,5017,5006,5000)
(10009,23,5054,5043,5032,5021,5015,5009,5004)
(10010,67,5023,5024,5025,5031,5042,5048,5054)
(10011,7,5001,5002,5008,5019,5030,5041,5046)
(10012,1,5051,5040,5029,5023)
(10013,1,5052,5046,5045,5044,5038,5027,5016,5005)
(10014,49,5028,5017,5006,5000)
(10015,50,5032,5043,5054)
(10016,32,5015,5014,5013,5012,5017,5028,5033,5038,5049)
(10017,14,5053,5042,5031,5025,5024,5018,5007)
(10018,24,5046,5047,5042,5031,5026,5021,5015,5009,5004)
(10019,67,5016,5027,5038,5049,5055,5056)
(10020,59,5020,5031,5042,5053)
(10021,50,5032,5043,5054)
(10022,50,5050,5039,5028,5017,5012)
(10023,7,5051,5045,5039,5028,5023,5024,5019,5008)
(10024,24,5042,5031,5025,5024,5018,5013,5008)
(10025,50,5030,5041,5052)
(10026,1,5023,5029,5035,5041,5047,5053,5058)
(10027,24,5018,5029,5040,5051,5057,5058)
(10028,24,5041,5030,5024,5018,5007)
(10029,50,5042,5047,5046,5045,5044,5038,5027,5016,5005)
(10030,14,5009,5020,5031,5037)
(10031,59,5010,5021,5032,5043,5048)
(10032,67,5023,5029,5035,5036,5042,5048,5054)
(10033,14,5010,5021,5032,5043,5048,5047,5046,5051)
(10034,59,5029,5040,5051)
(10035,33,5019,5030,5041,5047)
(10036,40,5028,5039,5050,5056,5057)
(10037,15,5003,5008,5019,5030,5041)
(10038,59,5016,5027,5038,5049,5055,5056)
(10039,67,5004,5003,5008,5013,5012,5017,5028,5033,5038,5049)
(10040,24,5030,5036,5042,5048,5054)
(10041,50,5039,5028,5023,5024,5025,5020,5009,5003)
(10042,1,5029,5018,5007)
(10043,8,5006,5017,5028,5039,5045,5051,5056)
(10044,15,5030,5041,5052)
(10045,33,5010,5021,5032,5043,5054,5059,5058)
(10046,8,5045,5039,5028,5023,5018,5013,5014,5009)
(10047,50,5047,5042,5031,5020,5014)
(10048,1,5046,5045,5044,5038,5027,5016,5005)
(10049,40,5017,5028,5039)
(10050,59,5029,5040,5046,5052)
(10051,24,5032,5026,5025,5019,5008,5003)
(10052,33,5059,5053,5042,5031)
(10053,1,5031,5025,5024,5018,5007,5002)
(10054,59,5044,5039,5028,5023,5024,5025,5020,5015,5010)
(10055,51,5039,5028,5023,5024,5025,5020,5015,5010)
(10056,67,5043,5037,5031,5025,5024,5018,5012)
(10057,33,5005,5016,5022,5023,5024,5025,5031,5036)
(10058,24,5054,5048,5047,5046,5045,5044,5038,5027,5016,5011,5012,5007,5001)
(10059,60,5024,5025,5031,5042,5048,5054)
(10060,68,5028,5017,5012,5007,5001)
(10061,33,5047,5042,5031,5020,5014)
(10062,25,5020,5031,5042,5053,5058)
(10063,15,5038,5027,5016,5005)
(10064,60,5032,5043,5054)
(10065,8,5049,5038,5027,5016)
(10066,2,5031,5042,5053)
(10067,60,5049,5044,5045,5046,5047,5042,5031,5020,5014)
(10068,40,5046,5045,5044,5038,5027,5016)
(10069,41,5044,5039,5034,5029,5018,5007)
(10070,8,5010,5021,5032,5043,5048)
(10071,41,5028,5039,5050,5056)
(10072,2,5050,5039,5028,5023,5024,5019,5014,5015)
(10073,33,5045,5039,5028,5017,5012,5013,5008)
(10074,15,5012,5018,5024,5025,5031,5042,5053,5059,5054)
(10075,51,5044,5038,5027,5016,5005,5000,5001)
(10076,41,5050,5039,5028,5017,5006,5001)
(10077,68,5038,5027,5016)
(10078,60,5031,5025,5024,5018,5013,5008)
(10079,15,5043,5032,5026,5025,5024,5018,5013)
(10080,51,5049,5044,5039,5034,5029,5018,5007)
(10081,41,5045,5039,5028,5023,5018,5013,5014,5009)
(10082,25,5053,5042,5031,5025,5024,5018,5007)
(10083,60,5028,5022,5016,5005)
(10084,60,5008,5019,5030,5041,5052,5058)
(10085,33,5031,5025,5024,5018,5013,5008)
(10086,51,5032,5043,5054)
(10087,25,5021,5032,5043,5048,5053,5058,5057)
(10088,25,5036,5035,5034,5028,5017,5012,5007,5001)
(10089,51,5019,5030,5041,5052)
(10090,60,5010,5021,5032,5043,5054)
(10091,41,5001,5007,5018,5024,5025,5031,5042,5053,5059,5054)
(10092,68,5006,5017,5022,5027,5038,5049)
(10093,15,5029,5040,5051)
(10094,61,5028,5039,5045,5046,5052)
(10095,25,5047,5046,5045,5044,5038,5027,5016,5011,5006)
(10096,15,5049,5044,5039,5028,5017,5012)
(10097,34,5025,5026,5032,5043,5054,5059)
(10098,51,5012,5018,5024,5030,5041,5047,5053,5058)
(10099,51,5045,5039,5028,5023,5018,5013,5014,5015,5010)
(10100,34,5031,5042,5053)
(10101,2,5054,5048,5047,5046,5045,5044,5038,5033,5028,5022,5016,5005,5000)
(10102,68,5021,5032,5043,5054)
(10103,41,5044,5039,5034,5029,5018,5007)
(10104,34,5049,5038,5033,5028,5022,5016,5011)
(10105,68,5042,5031,5025,5024,5018,5013,5008)
(10106,41,5051,5040,5029,5018,5007)
(10107,8,5043,5032,5026,5025,5024,5018,5013)
(10108,2,5050,5039,5034,5029,5018,5013,5019,5025,5020)
(10109,61,5036,5035,5034,5028,5017,5012,5007,5001)
(10110,16,5000,5001,5007,5018,5029,5040,5046,5052)
(10111,34,5038,5027,5016)
(10112,68,5028,5039,5044,5049,5055)
(10113,2,5047,5042,5031,5020,5014)
(10114,52,5054,5048,5042,5031,5025,5024,5023,5017)
(10115,34,5013,5019,5030,5041,5047,5048)
(10116,25,5029,5023,5017,5006,5000)
(10117,16,5021,5032,5043,5054,5059)
(10118,61,5039,5028,5023,5024,5025,5026,5021,5010)
(10119,52,5050,5044,5038,5033,5028,5022)
(10120,42,5002,5003,5009,5020,5031)
(10121,52,5014,5013,5012,5017,5028,5039,5050,5055)
(10122,16,5028,5039,5045,5051,5057,5058)
(10123,25,5027,5016,5005)
(10124,8,5049,5038,5027,5016,5005)
(10125,26,5034,5028,5017,5012,5007,5001)
(10126,8,5030,5041,5047,5053,5058)
(10127,52,5001,5007,5013,5019,5030,5041,5052)
(10128,16,5005,5016,5022,5023,5024,5030,5041,5047,5053,5059,5054)
(10129,68,5032,5043,5054)
(10130,26,5034,5028,5017,5012,5007,5001)
(10131,52,5042,5031,5025,5024,5018,5013)
(10132,69,5010,5021,5032,5043,5048)
(10133,9,5028,5039,5050)
(10134,26,5022,5028,5034,5029,5024,5025,5031,5042,5048,5054)
(10135,34,5058,5053,5042,5031,5020,5015)
(10136,61,5027,5016,5005)
(10137,2,5001,5007,5018,5024,5030,5036,5037)
(10138,9,5044,5038,5027,5016,5005,5000)
(10139,61,5048,5047,5046,5045,5044,5038,5027,5016)
(10140,69,5027,5016,5005)
(10141,9,5045,5039,5028,5023,5024,5025,5020,5009,5003)
(10142,52,5022,5028,5034,5040,5051,5057,5058,5059)
(10143,34,5050,5044,5038,5027)
(10144,61,5042,5031,5025,5024,5018,5012)
(10145,35,5016,5022,5023,5029,5040)
(10146,42,5021,5032,5043,5054,5059,5058)
(10147,52,5047,5042,5031,5020,5014)
(10148,61,5058,5052,5041,5035,5034,5028,5022,5016)
(10149,62,5049,5044,5039,5028,5023,5024,5025,5020,5009,5003)
(10150,16,5017,5023,5024,5030,5041)
(10151,35,5010,5021,5026,5025,5024,5029,5040,5045,5044)
(10152,2,5043,5032,5021)
(10153,42,5032,5043,5054)
(10154,26,5051,5040,5029,5018,5012,5011,5016)
(10155,3,5050,5039,5028,5023,5018,5013,5014,5009)
(10156,26,5010,5021,5032,5037,5036,5035,5040,5045,5044)
(10157,62,5020,5031,5042,5053)
(10158,53,5020,5031,5042,5053)
(10159,26,5025,5031,5042,5053)
(10160,26,5019,5030,5041,5052,5057)
(10161,62,5027,5016,5005)
(10162,9,5014,5013,5012,5017,5028,5033,5038,5049)
(10163,16,5003,5008,5013,5018,5029,5040)
(10164,16,5000,5001,5007,5013,5019,5025,5031,5042,5048,5054)
(10165,42,5019,5030,5036,5042,5053)
(10166,42,5025,5031,5042,5053)
(10167,27,5004,5003,5002,5007,5018,5029,5034,5039,5044)
(10168,69,5000,5001,5007,5018,5029,5040,5051)
(10169,17,5021,5032,5043,5054)
(10170,69,5049,5044,5045,5046,5047,5042,5031,5020,5014)
(10171,69,5043,5032,5026,5025,5024,5018)
(10172,35,5043,5032,5026,5025,5024,5018)
(10173,9,5016,5027,5038,5044,5045,5051,5056)
(10174,17,5005,5016,5022,5028,5039,5045,5051,5057,5052)
(10175,27,5019,5030,5041,5052,5058)
(10176,53,5031,5025,5024,5018,5013,5008)
(10177,62,5050,5039,5028)
(10178,3,5019,5030,5036,5042,5048,5054)
(10179,27,5042,5031,5020,5009)
(10180,53,5027,5016,5005)
(10181,3,5031,5042,5053)
(10182,17,5028,5017,5012,5007,5001)
(10183,69,5034,5028,5017,5012,5007,5001)
(10184,62,5007,5002,5008,5019,5025,5031,5042,5048,5054)
(10185,62,5028,5022,5016,5005)
(10186,3,5004,5010,5021,5032,5043,5048,5047)
(10187,17,5019,5030,5041,5052)
(10188,17,5031,5042,5053)
(10189,3,5025,5031,5042,5048,5054)
(10190,69,5059,5053,5042,5031,5025,5024,5018,5013,5008)
(10191,17,5050,5039,5028,5023,5024,5019,5014,5015)
(10192,27,5031,5025,5024,5018,5013,5008)
(10193,42,5043,5032,5021,5015)
(10194,62,5010,5021,5032,5043,5054,5059,5058)
(10195,17,5022,5023,5024,5030,5041,5047,5053,5058)
(10196,27,5016,5022,5028,5039,5045,5051,5056)
(10197,42,5032,5043,5054)
(10198,9,5028,5017,5006,5000)
(10199,35,5020,5025,5024,5023,5028,5039,5050,5056)
(10200,35,5031,5025,5024,5018,5013,5008)
(10201,35,5053,5042,5031)
(10202,63,5030,5041,5052,5058)
(10203,35,5028,5039,5045,5051,5057,5058)
(10204,3,5048,5047,5046,5045,5044,5038,5027,5016)
(10205,53,5042,5031,5025,5024,5018,5013,5008)
(10206,36,5025,5031,5042,5048,5054)
(10207,53,5028,5039,5045,5046,5052,5058)
(10208,27,5031,5042,5048,5054)
(10209,27,5032,5043,5054)
(10210,43,5018,5029,5040,5051,5057,5058)
(10211,63,5007,5018,5023,5028,5039,5045)
(10212,63,5028,5017,5006,5000)
(10213,36,5029,5023,5017,5006,5000)
(10214,28,5010,5021,5032,5043,5054,5059)
(10215,18,5048,5047,5046,5045,5044,5038,5027,5016)
(10216,70,5052,5041,5030,5024,5018,5007)
(10217,63,5012,5018,5029,5040)
(10218,43,5015,5014,5013,5012,5017,5028,5039,5050,5055)
(10219,53,5054,5043,5032,5021,5015)
(10220,9,5044,5038,5027,5016,5005,5000)
(10221,18,5018,5029,5040,5051)
(10222,28,5001,5007,5018,5029,5040,5046,5052)
(10223,43,5021,5032,5043,5054,5059,5058)
(10224,28,5029,5040,5046,5047,5053,5058)
(10225,70,5012,5017,5028,5039,5050,5055)
(10226,10,5000,5001,5007,5018,5029,5040,5046,5052)
(10227,10,5047,5046,5045,5044,5038,5027,5016,5005)
(10228,28,5044,5039,5034,5029,5018,5007)
(10229,36,5032,5026,5025,5024,5018,5007)
(10230,18,5021,5032,5043,5054)
(10231,36,5049,5038,5027,5016,5005,5000,5001,5002,5003,5009)
(10232,70,5051,5040,5034,5028,5017,5012,5007,5001)
(10233,70,5018,5024,5025,5031,5042,5053)
(10234,43,5049,5038,5027,5016,5005)
(10235,63,5030,5024,5023,5017,5006,5000)
(10236,28,5042,5031,5020,5015,5010)
(10237,18,5031,5042,5053)
(10238,10,5032,5043,5054)
(10239,63,5023,5024,5025,5031,5042,5048,5054)
(10240,53,5013,5019,5030,5041,5047,5053,5058)
(10241,70,5029,5023,5017,5006,5000)
(10242,63,5028,5017,5006,5000)
(10243,43,5017,5028,5039,5050,5056)
(10244,3,5007,5018,5024,5030,5041,5047,5053,5058)
(10245,18,5051,5045,5039,5028,5023,5018,5007,5002,5003)
(10246,10,5027,5016,5005)
(10247,18,5055,5049,5038,5027,5016)
(10248,64,5034,5028,5017,5012,5007,5001)
(10249,54,5057,5052,5041,5036,5031,5020,5014)
(10250,28,5028,5017,5006,5000)
(10251,10,5058,5052,5041,5030)
(10252,54,5008,5014,5020,5031,5042,5048)
(10253,70,5059,5053,5042,5031,5025,5024,5018)
(10254,36,5016,5027,5033,5034,5035,5041,5052)
(10255,36,5010,5021,5026,5025,5024,5029,5034,5033,5038,5044)
(10256,54,5025,5031,5042,5048,5054)
(10257,64,5051,5040,5029,5023)
(10258,18,5028,5022,5016,5005)
(10259,19,5000,5001,5007,5018,5029,5040,5046)
(10260,10,5029,5040,5051,5057,5058)
(10261,64,5029,5023,5017,5006,5000)
(10262,10,5027,5016,5005)
(10263,11,5045,5039,5028,5023,5018,5013,5014,5009)
(10264,43,5021,5026,5031,5042,5048)
(10265,28,5020,5025,5024,5023,5028,5039,5050,5056)
(10266,70,5032,5043,5054)
(10267,11,5050,5039,5028,5023,5024,5025,5020,5014)
(10268,54,5000,5001,5007,5013,5019,5025,5026,5032)
(10269,54,5031,5042,5048,5054)
(10270,43,5051,5045,5044,5038,5027,5016,5005)
(10271,11,5046,5047,5042,5031,5020,5014,5008)
(10272,4,5050,5039,5028,5023,5018,5007,5002,5003)
(10273,11,5054,5043,5032)
(10274,19,5007,5018,5029,5040,5046,5047,5053,5058)
(10275,11,5007,5018,5024,5025,5031,5037)
(10276,44,5027,5016,5005)
(10277,36,5010,5021,5032,5043)
(10278,19,5052,5047,5042,5031,5020,5009)
(10279,4,5032,5043,5054)
(10280,4,5010,5021,5026,5025,5024,5029,5040)
(10281,71,5055,5049,5038,5027,5016,5005,5000)
(10282,37,5045,5039,5028,5023,5024,5019,5008)
(10283,19,5052,5041,5035,5034,5028,5022,5016)
(10284,37,5006,5017,5028,5033,5038,5049)
(10285,71,5014,5013,5012,5017,5028,5033,5038,5049)
(10286,54,5000,5005,5016,5022,5028,5034,5035,5036,5042,5053,5059)
(10287,54,5058,5059,5054,5043,5032,5021,5015)
(10288,11,5030,5041,5052,5058)
(10289,19,5017,5028,5034,5035,5041,5052)
(10290,71,5018,5029,5040,5051)
(10291,64,5031,5020,5009)
(10292,71,5023,5024,5030,5041,5047,5053,5058)
(10293,71,5049,5044,5039,5034,5029,5018,5007)
(10294,11,5028,5039,5045,5051,5057,5058)
(10295,4,5008,5019,5030,5041,5052)
(10296,71,5028,5017,5012,5007,5001)
(10297,55,5022,5028,5034,5035,5041,5052,5058)
(10298,44,5027,5038,5044,5045,5051,5056)
(10299,4,5007,5018,5023,5028,5039,5045,5051,5056)
(10300,29,5020,5031,5042)
(10301,4,5047,5042,5031,5020,5014)
(10302,64,5049,5038,5033,5028,5017)
(10303,4,5019,5025,5031,5042,5053,5058)
(10304,19,5038,5027,5016,5005,5000)
(10305,19,5025,5031,5042,5048,5054)
(10306,44,5043,5032,5026,5025,5024,5018)
(10307,29,5023,5024,5025,5031,5042,5053)
(10308,64,5002,5007,5018,5029,5040,5045)
(10309,71,5051,5045,5039,5028,5023,5024,5019,5014,5015)
(10310,55,5042,5031,5025,5024,5018,5007)
(10311,20,5028,5039,5050,5056,5057)
(10312,55,5032,5043,5054)
(10313,29,5041,5030,5024,5018,5007)
(10314,20,5001,5007,5018,5029,5040,5046)
(10315,55,5053,5042,5031,5020,5009)
(10316,64,5047,5042,5031,5020,5009)
(10317,65,5028,5039,5050,5056)
(10318,5,5012,5017,5028,5034,5035,5036,5042,5048,5054)
(10319,65,5008,5019,5030,5036)
(10320,20,5021,5032,5043,5054,5059,5058)
(10321,44,5051,5040,5029,5024,5025,5026,5021,5015)
(10322,5,5020,5025,5024,5029,5040,5051)
(10323,12,5036,5035,5034,5028,5017,5012,5007,5001)
(10324,29,5014,5013,5012,5017,5028,5039,5045,5051,5056)
(10325,29,5045,5044,5038,5027,5016,5011,5006)
(10326,65,5025,5031,5042,5053)
(10327,5,5022,5027,5038,5049,5055)
(10328,65,5037,5036,5035,5034,5028,5017,5012,5007,5001)
(10329,20,5031,5042,5048,5054)
(10330,5,5049,5044,5039,5028,5023,5018,5013,5014,5009,5004,5010)
(10331,65,5049,5038,5027)
(10332,5,5025,5030,5041,5052,5058)
(10333,44,5015,5014,5013,5012,5017,5028,5033,5038,5049)
(10334,44,5058,5057,5051,5045,5044,5038,5027,5016,5005)
(10335,55,5038,5027,5016,5005)
(10336,44,5012,5013,5019,5030,5041,5047,5053,5058)
(10337,45,5044,5038,5027,5016,5005,5000)
(10338,5,5057,5058,5053,5042,5031,5020,5015)
(10339,29,5016,5022,5023,5029,5040,5046,5052,5058)
(10340,55,5028,5039,5045,5051,5057)
(10341,37,5042,5047,5046,5045,5044,5038,5027,5016,5005)
(10342,37,5039,5028,5023,5024,5025,5020,5009)
(10343,55,5057,5056,5055,5049,5038,5027,5022)
(10344,37,5015,5014,5013,5012,5017,5028,5039,5050)
(10345,65,5032,5043,5054)
(10346,5,5035,5029,5018,5007)
(10347,6,5027,5016,5005)
(10348,72,5010,5021,5032,5043,5054,5059,5058)
(10349,29,5029,5023,5017,5006,5000)
(10350,56,5044,5039,5034,5029,5018,5007)
(10351,30,5027,5038,5044,5045,5046,5052)
(10352,30,5038,5027,5016,5011,5012,5007,5001)
(10353,65,5031,5042,5048,5054)
(10354,37,5015,5021,5032,5043,5054)
(10355,37,5043,5032,5026,5025,5024,5018,5007)
(10356,38,5007,5018,5024,5030,5036)
(10357,45,5016,5027,5038,5049)
(10358,30,5027,5038,5049)
(10359,45,5032,5026,5025,5019,5008,5003)
(10360,20,5020,5031,5042,5047,5046,5051)
(10361,30,5012,5018,5029,5040,5051)
(10362,56,5021,5032,5043,5054)
(10363,20,5028,5017,5012,5007,5001)
(10364,56,5031,5042,5053)
(10365,30,5020,5031,5042,5053)
(10366,20,5029,5040,5046,5052)
(10367,38,5016,5022,5028,5034,5040,5051,5057,5058,5059)
(10368,45,5022,5028,5039,5045,5046,5052,5058)
(10369,45,5027,5016,5005)
(10370,30,5029,5023,5017,5006,5000)
(10371,30,5016,5022,5023,5024,5025,5026,5032,5043,5054,5059)
(10372,56,5020,5031,5042,5053,5058)
(10373,21,5031,5042,5048,5054)
(10374,66,5038,5027,5016,5005,5000)
(10375,72,5024,5030,5041,5047,5053,5058)
(10376,72,5030,5024,5023,5017,5006,5000)
(10377,12,5024,5030,5041,5052,5058)
(10378,56,5012,5018,5029,5040,5046,5047)
(10379,56,5027,5016,5005)
(10380,21,5051,5040,5034,5028,5022,5016)
(10381,31,5050,5039,5028,5017,5012)
(10382,12,5044,5038,5027,5016,5005,5000,5001)
(10383,21,5047,5046,5045,5044,5038,5033,5028,5017,5012,5007,5001)
(10384,72,5028,5017,5012,5007,5001)
(10385,12,5031,5042,5053)
(10386,12,5016,5022,5023,5029,5040,5051,5057)
(10387,45,5044,5038,5027,5016,5005,5000)
(10388,45,5058,5057,5051,5045,5044,5038,5027,5016,5005)
(10389,31,5029,5018,5007)
(10390,31,5009,5020,5031,5042,5053,5059,5054)
(10391,72,5020,5031,5036,5035,5040,5051)
(10392,56,5052,5041,5030,5024)
(10393,38,5005,5016,5027)
(10394,12,5031,5025,5024,5018,5007)
(10395,6,5049,5044,5039,5028,5023,5024,5025,5020,5014)
(10396,72,5045,5044,5038,5027,5016)
(10397,46,5008,5019,5030,5041,5047,5042)
(10398,12,5021,5032,5043,5054,5059)
(10399,57,5000,5001,5007,5018,5024,5025,5031,5037)
(10400,6,5008,5019,5025,5031,5042,5047)
(10401,38,5032,5021,5015,5009,5004)
(10402,38,5027,5038,5044,5050,5056)
(10403,21,5027,5038,5049)
(10404,31,5030,5041,5052)
(10405,57,5032,5043,5054)
(10406,31,5045,5039,5028,5023,5018,5013,5014,5015,5010)
(10407,21,5007,5018,5029,5040,5046,5047,5053,5058)
(10408,57,5029,5018,5007)
(10409,38,5021,5032,5043,5054)
(10410,21,5027,5038,5049)
(10411,46,5043,5032,5026,5025,5019,5008,5003)
(10412,6,5001,5002,5008,5019,5025,5031,5037)
(10413,57,5027,5016,5005)
(10414,21,5016,5011,5012,5018,5024,5025,5031,5042,5048,5054)
(10415,46,5049,5038,5027,5016)
(10416,72,5005,5016,5022,5023,5029,5040)
(10417,57,5051,5040,5029,5023)
(10418,22,5003,5002,5007,5018,5029,5040)
(10419,57,5038,5027,5016,5005)
(10420,22,5045,5044,5038,5027,5016,5005)
(10421,22,5027,5038,5044,5045,5051,5056)
(10422,46,5028,5039,5050)
(10423,13,5010,5021,5032,5043,5048)
(10424,73,5051,5040,5029,5023)
(10425,13,5049,5038,5027)
(10426,66,5021,5032,5043)
(10427,6,5002,5003,5009,5015,5021,5032,5043)
(10428,66,5044,5039,5028,5023,5024,5025,5020,5009,5003)
(10429,13,5000,5001,5007,5018,5029)
(10430,57,5053,5042,5031,5025,5024,5023,5017)
(10431,38,5021,5032,5043)
(10432,46,5045,5039,5028,5023,5018,5013,5014,5009)
(10433,46,5034,5028,5017,5012,5007,5001)
(10434,46,5018,5029,5040)
(10435,22,5005,5016,5027,5038,5044,5050)
(10436,47,5018,5029,5040,5046,5047,5048)
(10437,39,5003,5002,5007,5018,5029,5040)
(10438,47,5059,5053,5042,5031,5025,5024,5018,5012,5011,5016)
(10439,13,5004,5010,5021,5032,5043,5048)
(10440,73,5010,5021,5032,5043,5054,5059)
(10441,58,5049,5038,5027,5016,5005,5000,5001)
(10442,47,5051,5040,5029,5023)
(10443,39,5031,5042,5053)
(10444,22,5028,5022,5016,5005)
(10445,31,5008,5019,5024,5029,5035)
(10446,31,5044,5045,5046,5047,5042,5031,5020,5009)
(10447,22,5017,5028,5039,5045)
(10448,66,5003,5008,5013,5012,5017,5022,5027,5038,5049,5055)
(10449,13,5029,5040,5046,5047,5053,5058)
(10450,39,5035,5029,5018,5007)
(10451,58,5017,5028,5033,5038,5049)
(10452,22,5013,5012,5017,5028,5039,5045,5051,5056)
(10453,47,5038,5027,5016,5005)
(10454,66,5031,5025,5024,5018,5007)
(10455,58,5019,5025,5031,5042,5053)
(10456,47,5016,5027,5038)
(10457,23,5032,5037,5042,5053,5059)
(10458,39,5028,5039,5045,5051,5056)
(10459,32,5001,5007,5018,5029,5040,5046,5052)
(10460,39,5047,5042,5031,5020,5015,5010)
(10461,66,5027,5016,5005)
(10462,6,5043,5032,5026,5025,5024,5018)
(10463,58,5032,5021,5015,5009,5004)
(10464,47,5012,5017,5028,5039,5050,5055)
(10465,39,5029,5040,5051,5057,5058)
(10466,47,5017,5028,5039,5050,5055)
(10467,48,5051,5040,5029,5018)
(10468,13,5031,5020,5009)
(10469,58,5041,5030,5024,5018,5007)
(10470,73,5053,5042,5031,5025,5024,5023,5017)
(10471,48,5010,5021,5032,5043,5054)
(10472,48,5044,5039,5028,5023,5024,5025,5026,5021,5010)
(10473,66,5053,5042,5031,5020,5015,5010)
(10474,6,5049,5038,5033,5028,5022)
(10475,58,5047,5042,5031,5020,5009)
(10476,39,5008,5013,5012,5017,5028,5039,5045,5051,5056)
(10477,73,5032,5043,5054)
(10478,32,5016,5022,5023,5029,5040,5051,5057,5058)
(10479,48,5047,5046,5045,5044,5038,5027,5016,5005)
(10480,73,5027,5038,5044,5050,5056,5057,5058)
(10481,48,5015,5014,5013,5012,5017,5028,5033,5038,5049)
(10482,13,5020,5025,5024,5023,5028,5039,5050,5056)
(10483,73,5058,5057,5051,5045,5044,5038,5027,5022)
(10484,73,5008,5019,5030,5041,5052,5058)
(10485,32,5016,5022,5023,5024,5025,5026,5032,5043,5054,5059)
(10486,48,5032,5026,5025,5024,5018,5013,5008)
(10487,23,5012,5017,5028,5039,5050)
(10488,14,5028,5022,5016,5005)
(10489,7,5003,5002,5007,5018,5029,5040)
(10490,23,5054,5043,5032,5021)
(10491,48,5035,5029,5018,5007)
(10492,32,5008,5014,5020,5031,5037)
(10493,7,5051,5040,5029)
(10494,40,5036,5035,5034,5028,5017,5012,5007,5001)
(10495,14,5004,5003,5008,5013,5012,5017,5028,5039,5044,5049,5055)
(10496,23,5029,5018,5007)
(10497,58,5032,5043,5054)
(10498,40,5053,5042,5031)
(10499,49,5025,5031,5042,5048,5054)
(10500,7,5001,5007,5018,5029,5040,5046,5047,5048)
(10501,74,5029,5018,5007)
(10502,49,5039,5028,5023,5024,5019,5008)
(10503,7,5049,5038,5027,5016)
(10504,49,5043,5032,5026,5025,5024,5018,5013)
(10505,49,5043,5032,5021,5015,5009,5004)
(10506,7,5010,5021,5032,5043,5054)
(10507,14,5007,5018,5029,5040,5046,5047,5042)
(10508,67,5029,5040,5051)
(10509,14,5025,5031,5042,5048,5054)
(10510,23,5027,5016,5005)
(10511,67,5053,5042,5031,5025,5024,5018,5013,5008)
