(10000,1,33,34,28,22,16,10,4,5,11)
(10001,1,27,21,15,9,8,7)
(10002,1,29,23,17,11,5)
(10003,12,4,10,16,22,28)
(10004,1,2,3,9,15,21)
(10005,12,6,12,18,24,30,29,28,34,33)
(10006,12,29,28,22,21,15,9)
(10007,12,23,17,11,5)
(10008,6,7,8,14,20,26,32,33,34,35,36)
(10009,1,14,15,21,27,33)
(10010,1,7,13,14,8,9,10,16,22,28)
(10011,12,29,28,27,21,20,14,8,2)
(10012,6,2,8,14,20,21)
(10013,6,27,21,15,9,3,2,8)
(10014,6,32,26,20,14,15,16,10,11,12)
(10015,12,9,15,21,27)
(10016,6,35,29,23,17,16)
(10017,1,3,9,15,21,27,33)
(10018,1,25,26,27,21,15,9,3,4,5)
(10019,12,20,21,15,9,3,2,1)
(10020,6,26,20,21,15,9,3,4)
(10021,7,32,26,20,21,15,9,3,4)
(10022,12,12,18,24,30,36)
(10023,7,5,11,17,23,29,28,27,33,34)
(10024,7,8,14,20,26)
(10025,1,31,25,26,20,21,15,16,17,11,5)
(10026,1,3,9,10,16,22,28,34,33)
(10027,12,3,9,10,16,22,28,34,35,36,30)
(10028,1,1,7,13,19,25,26,27,28,29)
(10029,7,15,16,22,28,34,33)
(10030,12,2,8,14,20,21,22,28,29,30,24)
(10031,1,23,22,16,10,4)
(10032,7,34,28,22,21,20,14,13)
(10033,1,12,18,24,30)
(10034,7,22,16,15,9,3,2,1)
(10035,7,36,35,34,28,27,21,15,9,8,7,1)
(10036,1,20,14,8,2)
(10037,7,17,23,29,35,36)
(10038,12,22,16,10,9,8,2,3)
(10039,7,16,17,23,29,35)
(10040,12,20,14,8,2)
(10041,1,14,15,16,22,28,34,33)
(10042,1,21,20,14,8,2)
(10043,12,32,33,34,28,22,16,10,4,3)
(10044,1,31,25,19,13)
(10045,13,17,23,29,30,36)
(10046,1,29,28,22,16,15,9)
(10047,7,29,23,17,11,5)
(10048,13,3,9,10,11,12,18,24,30,36,35,34)
(10049,1,24,23,22,16,15,9,8,7,1)
(10050,1,33,32,26,25,19,13)
(10051,7,16,22,28,34)
(10052,7,3,9,15,14,20,26,32,31)
(10053,13,6,12,18,24,30,29,28,27)
(10054,1,30,24,18,12)
(10055,7,17,18,24,30,36,35)
(10056,7,22,16,10,9,8,2,3)
(10057,1,31,25,19,13,14,8,9,10)
(10058,1,27,21,15,9,8,7,1)
(10059,13,34,33,32,26,20,14)
(10060,7,2,8,14,20,21,27)
(10061,1,26,25,19,13,7)
(10062,1,14,15,16,17,23,29,30,36,35)
(10063,7,12,18,24,30)
(10064,7,14,20,21,22,28,34,33)
(10065,13,12,18,24,30,36,35,34,33)
(10066,7,30,24,18,12,6)
(10067,7,30,29,28,22,16,10)
(10068,1,10,16,22,28,34,33,32)
(10069,1,31,25,19,20,21,15,16,10,4)
(10070,7,21,15,9,3)
(10071,1,23,17,11,5)
(10072,7,12,18,24,30)
(10073,7,27,21,15,9,8,7)
(10074,13,25,26,20,14,8,2)
(10075,7,8,9,10,16,22,28,29)
(10076,7,6,12,11,10,9,15,14,20,26)
(10077,13,4,10,16,22,28,34,33,32,26)
(10078,1,32,26,20,14,13,7,8)
(10079,1,9,8,14,20,26,32)
(10080,13,16,22,23,29,30,36,35)
(10081,7,10,11,12,18,24,30)
(10082,2,19,13,7,1)
(10083,7,12,11,10,9,15,14,20,26,32)
(10084,13,28,27,21,15,9,10,4)
(10085,13,16,22,23,29,30,36,35)
(10086,2,16,22,23,29,28,34,35)
(10087,7,34,28,22,16,10)
(10088,13,23,17,16,10,9,3,4)
(10089,2,36,35,34,33,32,26,25,19,13,7)
(10090,13,12,18,24,30)
(10091,13,34,33,32,26,20,14,15,9)
(10092,13,3,9,8,14,20,26,32,33,34)
(10093,13,27,21,22,16,17,11,5,6)
(10094,2,31,25,19,13,7)
(10095,13,8,14,15,16,22,28,34,33)
(10096,13,16,22,23,29,30,36)
(10097,2,16,22,28,34)
(10098,7,27,21,15,9)
(10099,13,18,24,30,36)
(10100,13,21,20,14,8,2)
(10101,2,11,17,23,29,35,36,30)
(10102,7,29,28,22,16,15,9)
(10103,2,17,23,22,28,34,35)
(10104,7,32,26,25,19,13,14,8,2,3)
(10105,8,11,10,9,15,14,20,26,32)
(10106,13,10,16,22,28,29,30,36,35)
(10107,8,29,30,24,18,12,6)
(10108,13,19,13,7,1)
(10109,8,23,22,16,15,9,8,7,1)
(10110,8,26,20,21,15,9,3,4)
(10111,13,19,13,7,1)
(10112,8,20,14,8,2)
(10113,13,23,17,16,15,9,8,7,1)
(10114,13,31,25,26,20,14,8,9)
(10115,2,10,11,12,18,24,30)
(10116,2,9,15,21,27)
(10117,2,26,20,14,8,2)
(10118,13,25,26,20,14,8,2)
(10119,13,23,17,11,5)
(10120,13,20,21,15,9,3,2,1)
(10121,13,26,20,14,8)
(10122,2,29,23,17,16,15,9,3,4)
(10123,2,4,10,16,22,28,27,26,32,33)
(10124,13,21,15,9,3)
(10125,8,13,14,20,26,32)
(10126,2,6,12,18,17,23,29,35,34)
(10127,2,24,18,12,11,10,9,3,4)
(10128,13,17,23,29,30,36,35)
(10129,2,5,11,10,16,22,28,34,33,32,26)
(10130,8,21,15,9,3)
(10131,14,1,7,13,19,20,26,32,31)
(10132,14,23,22,21,20,14,8,2)
(10133,2,33,27,21,15,16,17,11,5)
(10134,8,16,22,28,34,35,36)
(10135,14,25,19,13,14,8,2,1,7)
(10136,2,19,13,7,1)
(10137,2,6,12,18,24,30)
(10138,2,6,12,18,24,23,22,28,34,33)
(10139,14,7,13,14,20,26,25)
(10140,14,3,9,15,21,27)
(10141,14,34,28,27,21,20,14,15)
(10142,14,7,13,14,20,26,32,33,34,35,36,30)
(10143,2,7,13,19,25)
(10144,2,4,3,9,15,16,17,18,24,30,36)
(10145,2,15,21,27,33,34,35,36)
(10146,14,1,2,8,14,15,16,22,28,27)
(10147,8,22,16,10,11,5,4)
(10148,8,3,9,15,16,22,28,29,23)
(10149,8,20,14,8,2)
(10150,14,7,13,19,25,26)
(10151,2,21,15,9,8,7,1)
(10152,14,5,11,17,16,22,21,27)
(10153,2,24,18,12,6,5,4)
(10154,2,26,20,21,15,16,10,4)
(10155,14,21,15,9,3)
(10156,8,21,20,14,8,2)
(10157,14,3,9,15,16,22,28,29,23)
(10158,8,11,10,9,15,14,20,26,32)
(10159,14,27,21,15,9,3,2,1)
(10160,2,14,20,26,32,33,34)
(10161,8,8,14,20,26,32,33,34,35,36,30)
(10162,14,21,15,9,8,7,1)
(10163,14,29,28,22,21,15,9,8,7,1)
(10164,8,31,25,19,13,7)
(10165,14,35,34,28,27,21,20,19,13,14)
(10166,2,8,14,20,19,25,31)
(10167,14,4,10,11,17,18,24)
(10168,8,5,11,10,9,15,14,20,26)
(10169,2,33,34,28,22,16,10,9)
(10170,8,10,16,22,28,34)
(10171,2,6,12,18,17,16,22,21,27,28)
(10172,8,21,15,9,3)
(10173,14,25,19,13,14,8,2,3)
(10174,2,8,9,10,16,22,28,29)
(10175,8,28,22,16,10,9,3,2)
(10176,8,9,15,21,27,33,34)
(10177,8,18,24,30,36)
(10178,3,20,14,8,2)
(10179,8,7,13,19,25,26)
(10180,3,32,26,20,14,8,2)
(10181,8,3,9,15,16,22,28,29,23)
(10182,14,4,10,16,22,28,27,26,32)
(10183,8,22,16,10,11,5,4)
(10184,8,31,25,19,13,7)
(10185,3,14,20,26,27,33)
(10186,14,34,28,22,21,20,19,13)
(10187,8,14,20,21,27,33,34)
(10188,8,12,18,17,23,29,28,27,33,34)
(10189,14,16,22,28,34)
(10190,3,30,24,18,17,11,5)
(10191,3,14,15,16,22,28,34)
(10192,3,7,13,14,20,26,32,31)
(10193,8,25,19,13,7,1)
(10194,3,23,17,11,5)
(10195,3,15,21,27,28,29,30,36,35)
(10196,8,6,12,11,10,9,8,14,20,26,32,33)
(10197,8,21,15,9,8,7,1)
(10198,3,36,30,24,18,12)
(10199,3,31,32,33,27,21,15,16,10,4)
(10200,3,5,6,12,18,24,30,29,28,27,26)
(10201,9,21,20,14,8,2)
(10202,9,15,16,22,28,34,35,36)
(10203,14,13,14,15,16,22,23,29,35)
(10204,9,11,12,18,24,30,36,35)
(10205,3,9,10,16,22,28,29)
(10206,14,6,12,11,10,9,15,14,20,26,32)
(10207,14,34,28,22,16,10,11,5,4)
(10208,14,28,22,16,17,11,5)
(10209,9,32,26,20,21,22,16,17,11,12)
(10210,9,23,17,16,10,9,3)
(10211,3,8,14,20,21,27,28)
(10212,3,23,22,21,20,19,13,7,1,2)
(10213,9,28,22,16,10,9,8,2,3)
(10214,14,34,28,22,16,15,9,8,7,1)
(10215,9,27,21,15,9,8,7)
(10216,14,21,15,9,3)
(10217,14,13,14,15,16,22,28,34,35)
(10218,9,7,13,14,20,21,22,28,34,33)
(10219,9,32,26,20,19,13)
(10220,9,15,16,22,28,29,30,36,35)
(10221,14,3,9,15,21,22,23,29,35)
(10222,14,28,22,16,10,9,8)
(10223,9,5,11,17,16,22,28,27)
(10224,3,17,23,29,35,36)
(10225,15,36,30,24,18,12,6,5)
(10226,9,13,19,20,21,22,28,29,35,36)
(10227,3,17,23,22,28,34,35)
(10228,15,16,22,28,34,35,36)
(10229,3,1,2,8,14,20,26,32,33,34,28,27)
(10230,15,7,8,14,15,21,27,28,29,35,36)
(10231,3,32,26,20,14,8,9)
(10232,3,14,20,26,27,28,29,30,36,35)
(10233,3,15,16,22,28,34)
(10234,3,17,23,29,35,36)
(10235,15,19,13,7,1)
(10236,9,3,9,15,21,27)
(10237,15,17,23,29,30,36,35)
(10238,9,35,36,30,24,18,12)
(10239,15,2,8,14,15,21,27,28,29,35)
(10240,3,31,25,19,13,14,8,9,10)
(10241,9,2,8,14,20,21,27,28,29,30,36,35)
(10242,15,3,9,15,16,22,28,29,23)
(10243,9,20,14,8,2)
(10244,15,19,13,7,1)
(10245,9,14,20,21,22,28,34,33)
(10246,15,21,15,9,8,7,1)
(10247,3,7,8,14,20,26,27)
(10248,3,4,10,16,22,21,27,33,32,31)
(10249,15,20,14,8,2)
(10250,3,20,14,8,2)
(10251,3,24,18,12,11,10,9,3)
(10252,3,12,11,17,23,29,35,34)
(10253,15,21,20,14,13,7,1,2)
(10254,9,23,17,16,15,9,8,7,1)
(10255,3,35,29,23,17,11,12)
(10256,15,30,29,28,22,16,10)
(10257,9,7,13,14,20,26,32)
(10258,9,14,20,21,27,28,29,30,36,35)
(10259,3,14,15,16,22,23,29,35)
(10260,3,9,15,14,13,19,25,31)
(10261,9,7,13,19,25,26)
(10262,15,2,8,14,20,26,32,33,34)
(10263,15,12,11,10,9,8,14,13,19,25,31)
(10264,15,19,13,7,1)
(10265,4,34,28,27,21,15,16,17,11,5)
(10266,15,33,32,26,20,14,8,9,3,2)
(10267,15,4,10,16,22,28)
(10268,9,30,24,18,12,6,5)
(10269,4,27,21,15,9,10,4,5,6)
(10270,15,22,16,10,9,3,2)
(10271,4,13,14,15,16,17,18,24,30,36)
(10272,4,33,34,28,22,16,15)
(10273,9,3,9,15,21,27,33,34)
(10274,4,21,20,14,8,2)
(10275,4,32,26,20,14,8)
(10276,9,9,15,16,22,28,34,35,36)
(10277,4,4,3,9,15,21,22,23,29,35)
(10278,9,35,34,28,22,16,15,9)
(10279,9,20,14,8,2)
(10280,15,12,18,17,23,22,28,34,35)
(10281,15,9,15,16,22,23,29,35,36)
(10282,9,25,26,20,21,22,16,17,11,5,6)
(10283,15,9,15,21,22,23,29)
(10284,15,10,16,22,23,29)
(10285,9,23,17,16,15,9,3,2,1)
(10286,4,13,14,20,26,32)
(10287,9,35,34,28,22,16,10,9,8,2,3)
(10288,4,14,20,21,22,23,24,30,36)
(10289,9,14,20,21,27,33,34)
(10290,10,11,17,23,29,30,36,35)
(10291,15,22,16,10,9,8,2,3)
(10292,15,5,11,17,16,22,21,27)
(10293,10,32,26,20,14,8)
(10294,10,31,25,19,13,7)
(10295,15,26,32,33,34,28,22,16,10,4,3)
(10296,15,30,29,23,24,18,12,11)
(10297,15,24,18,12,11,10,9,3,4)
(10298,15,14,20,26,32,33,34,35)
(10299,15,7,8,9,10,16,22,23,29,35,36,30)
(10300,15,32,26,20,19,13)
(10301,16,34,28,22,16,10)
(10302,10,12,18,24,30,29,28,34,33)
(10303,16,35,34,28,22,21,20,14,8)
(10304,16,1,2,3,9,10,16,22,28,34,33)
(10305,16,26,20,21,22,16,17,11,5,6)
(10306,4,6,12,18,24,30,29)
(10307,16,22,16,10,9,8,2,3)
(10308,16,33,32,26,25,19,13,7)
(10309,10,15,16,22,28,34,35,36)
(10310,4,27,21,15,9,10,4,5)
(10311,16,9,15,21,27,28)
(10312,16,5,11,17,23,29,28)
(10313,4,19,13,7,1)
(10314,10,4,10,16,22,28,34)
(10315,10,5,6,12,18,24)
(10316,10,33,34,28,22,16,10,9,8,2,3)
(10317,16,28,27,21,20,14,8)
(10318,10,26,20,21,22,16,17,11,5,6)
(10319,16,20,14,8,2)
(10320,10,5,11,17,23,29,35,34)
(10321,10,16,22,28,34)
(10322,16,25,26,20,14,8,2)
(10323,10,35,34,28,22,16,10,9,8,2,3)
(10324,10,16,22,28,34)
(10325,10,27,21,15,9,3,4,5)
(10326,4,12,18,24,30,36,35)
(10327,10,31,32,33,34,28,22,23,17,11,12)
(10328,16,32,33,34,28,29,23,17,11,12)
(10329,4,6,12,11,10,9,8,14,13,19,25,31,32)
(10330,16,10,16,22,28,34,33)
(10331,16,36,35,34,28,22,21,20,14,8,2)
(10332,4,33,34,28,22,16,10)
(10333,10,11,17,23,22,28,27,33,34)
(10334,4,10,16,22,28,34)
(10335,16,11,17,23,29)
(10336,10,18,24,30,36)
(10337,10,11,17,18,24,30,36,35)
(10338,4,7,13,14,20,26,27,33,34)
(10339,10,10,16,22,28,27,26,32)
(10340,10,27,21,15,9,3,2,1)
(10341,4,36,35,29,23,17,18)
(10342,10,35,36,30,24,18,12,6)
(10343,10,5,11,17,23,29)
(10344,16,27,21,20,14,8)
(10345,4,2,8,14,20,21,22,23,29,28)
(10346,16,7,8,14,20,21,22,28,29)
(10347,4,12,18,24,30,36,35,34,33)
(10348,4,14,15,16,17,23,29,35)
(10349,16,29,28,27,21,15,14,13,7)
(10350,4,6,12,18,24,30,29)
(10351,4,36,30,24,18,12,6)
(10352,4,36,30,24,18,12,6)
(10353,4,3,9,15,21,27,33,32)
(10354,4,28,22,16,10)
(10355,16,18,24,30,36)
(10356,10,11,17,23,29,35,36)
(10357,16,12,18,17,23,22,28,34,33)
(10358,10,35,34,33,32,26,25,19,13)
(10359,10,9,15,16,22,28,29,30,36,35)
(10360,4,25,19,13,14,15,16,17,11,5,6)
(10361,16,18,24,30,36)
(10362,10,10,16,22,28)
(10363,16,24,18,12,11,10,9,3)
(10364,16,21,20,14,8,2)
(10365,16,14,20,26,32)
(10366,10,36,35,34,28,22,16,10,9,8,2,3)
(10367,4,21,15,9,3,2,1)
(10368,4,21,15,9,3)
(10369,4,9,10,16,22,28,34,33)
(10370,16,1,7,13,19)
(10371,10,1,2,8,14,20,21,27,33)
(10372,16,9,15,16,22,28)
(10373,10,26,20,21,15,9,10,11,5)
(10374,10,25,19,13,7)
(10375,11,28,22,16,10,9,8,2,3)
(10376,5,10,16,22,23,29,35,36)
(10377,5,23,22,16,10,11,5,4)
(10378,16,34,28,22,16,10,9,8,2,3)
(10379,16,29,28,22,21,15,9)
(10380,11,31,25,19,13,14,15,16,10)
(10381,16,9,10,16,22,23,29)
(10382,11,29,28,22,16,10,9,8)
(10383,5,18,24,30,36)
(10384,5,11,10,9,15,21,27,33,32)
(10385,5,18,24,30,36)
(10386,16,30,29,28,27,21,15,9,8,7)
(10387,11,31,25,19,13,14,8,9,10)
(10388,17,1,2,8,9,15,16,22,28)
(10389,17,27,21,15,9,3,2,1)
(10390,17,29,28,22,21,15,9,8,7,1)
(10391,17,5,11,10,9,15,14,20,26,32,31)
(10392,11,20,14,8,2)
(10393,5,3,9,15,21,27,33,32,31)
(10394,11,1,2,8,14,15,16,22,28,34,35,36,30)
(10395,5,29,30,24,18,12,6,5,11)
(10396,17,33,27,21,15,9,10,4,5)
(10397,11,33,27,21,15,9,10,4,5)
(10398,11,32,26,20,21,15,9,3,2,1)
(10399,5,10,16,22,23,29,30)
(10400,5,18,24,30,36)
(10401,5,36,35,34,33,32,26,20,14,15)
(10402,17,32,26,20,21,22,23,17,11)
(10403,17,14,15,16,22,28,34,33)
(10404,17,22,16,15,9,8,7,1)
(10405,5,32,26,25,19,13,14)
(10406,17,23,22,21,20,14,8,2)
(10407,11,6,12,18,24,30)
(10408,5,14,20,26,32)
(10409,11,29,23,17,16,15,9,3,4)
(10410,17,7,13,19,25,26,32,31)
(10411,5,22,16,15,14,8,2,3)
(10412,17,25,26,20,14,8,2)
(10413,5,34,28,22,16,10,11,12)
(10414,5,27,21,15,9)
(10415,17,33,32,26,20,14,8,7,13)
(10416,11,1,2,8,14,20,26,32)
(10417,5,5,11,17,23,29)
(10418,5,15,16,22,28,34,33)
(10419,5,35,29,23,17,11,5)
(10420,5,23,22,16,10,9,3,4)
(10421,5,21,15,9,3,2,1)
(10422,17,30,29,28,22,16,15,14,13,7)
(10423,11,8,14,15,16,22,28,34,33)
(10424,11,31,25,26,20,21,22,16,17,11,5,6)
(10425,5,6,12,11,10,16,22,28)
(10426,11,4,10,16,22,28,34,33,32,26,25,31)
(10427,11,31,25,26,20,21,22,16,17,11,5,6)
(10428,11,26,20,21,15,9,8,7,1)
(10429,5,26,20,21,15,9,10,4)
(10430,11,31,25,26,20,14,8,9)
(10431,11,2,3,9,10,16,22,28,34,33)
(10432,11,20,14,8,2)
(10433,11,6,12,11,10,9,15,14,20,26)
(10434,5,10,9,8,14,13,19,25,31,32)
(10435,11,2,8,14,20,21,22,23)
(10436,5,10,11,12,18,24,30)
(10437,11,17,23,29,35,36)
(10438,5,20,21,15,9,3,2,1)
(10439,11,29,28,22,16,10,9,3,2)
(10440,17,18,24,30,36)
(10441,11,11,12,18,24,30)
(10442,17,1,2,8,14,20,21,22,28,34,33)
(10443,11,11,10,9,15,14,20,26,25,31)
(10444,11,20,14,8,2)
(10445,5,27,21,15,16,17,11,5)
(10446,11,30,29,28,27,21,15,9,8,7,1)
(10447,5,23,22,21,20,14,8,2)
(10448,11,25,26,27,21,15,9,3,4)
(10449,17,35,34,33,32,26,25,19,13,7)
(10450,5,11,17,23,29,35,36)
(10451,5,16,22,23,29,35)
(10452,17,15,21,22,28,34,35,36)
(10453,5,21,20,14,8,2)
(10454,17,5,11,10,9,8,14,20,26,25,31)
(10455,6,9,15,21,27,33,32,31)
(10456,11,33,32,26,20,19,13)
(10457,11,12,11,10,9,15,14,20,26,32)
(10458,6,27,21,15,9,3)
(10459,17,24,23,17,16,15,9,3,2,1)
(10460,6,24,30,36,35,34,33,32,26,25,19,13,7,1,2)
(10461,12,5,11,10,9,8,14,13,19,25,31)
(10462,12,15,16,22,28,34,33)
(10463,12,10,16,22,23,29,35,36)
(10464,12,2,8,14,20,21,22,23,29)
(10465,17,16,22,23,29,30,36,35)
(10466,12,16,22,23,29,35,36)
(10467,6,18,24,30,36)
(10468,12,5,11,17,23,22,28)
(10469,17,24,18,12,11,10,9,3)
(10470,12,22,21,15,9,8,7,1)
(10471,17,32,26,20,21,15,9,3,2,1)
(10472,6,16,22,28,34)
(10473,6,16,22,28,34,35,36)
(10474,6,8,9,10,11,17,23,29)
(10475,17,29,23,17,11,5)
(10476,17,32,26,20,14,8,2)
(10477,6,26,20,21,15,16,17,11,5)
(10478,6,2,8,9,15,16,22)
(10479,12,32,26,25,19,13,7)
(10480,6,10,16,22,28,34)
(10481,17,21,15,9,8,7,1)
(10482,17,20,21,15,9,8,7,1)
(10483,12,8,14,15,16,22,23,29,35,36)
(10484,12,32,26,20,14)
(10485,6,14,20,26,32,33,34)
(10486,17,6,12,18,24,30)
(10487,6,18,24,30,36)
(10488,6,13,19,25,31)
(10489,12,14,15,16,22,28,34,33)
(10490,12,17,23,22,28,34,35)
(10491,6,36,30,24,18)
(10492,17,28,22,16,17,11,5,6)
(10493,17,33,27,21,20,14,8,2)
(10494,6,7,13,14,20,21,27,28)
(10495,6,18,24,30,36)
(10496,6,35,29,23,17,16,15,9,8,7)
(10497,12,17,23,29,35,36)
(10498,12,30,29,28,22,16,10,9,8,2,3)
(10499,6,34,28,22,16,15,9)
(10500,12,31,25,19,13)
(10501,6,31,25,19,13,14,15,16,10)
(10502,17,21,15,9,3)
(10503,12,9,15,16,22,28,29,30,36,35)
(10504,6,18,24,30,36)
(10505,18,6,12,18,24,30,36)
(10506,6,11,12,18,24,30)
(10507,6,21,20,14,8,2)
(10508,18,26,20,21,15,16,17,11,5)
(10509,6,13,14,20,26,32,31)
(10510,6,15,21,27,28,29,30,36,35)
(10511,12,33,34,28,22,16,10,9,8,2,3)
