(10000,4,27,21,15,9,3,2)
(10001,10,18,24,30,36)
(10002,8,8,14,15,21,22,23,29)
(10003,16,11,17,16,22,28,34)
(10004,1,26,20,21,22,16,17,11,5)
(10005,6,22,16,10,9,3,2)
(10006,8,9,10,16,22,23,29)
(10007,8,6,12,11,17,16,22,21,20,26,25,31)
(10008,8,8,14,15,21,27,33)
(10009,10,35,29,30,24,18,12,6)
(10010,6,2,8,7,13,19,25)
(10011,8,32,26,20,14,8,2)
(10012,4,14,15,21,27,33)
(10013,2,22,16,10,9,3,2)
(10014,4,4,10,16,22,28)
(10015,6,31,25,26,20,21,15,9,10)
(10016,16,36,30,24,18,12)
(10017,14,27,21,15,9,3,2)
(10018,6,28,22,21,15,14,8)
(10019,10,8,14,15,21,22,28)
(10020,10,23,22,16,10,9,3,2)
(10021,2,23,22,16,10,9,3,2,1)
(10022,10,5,11,17,16,22,28,34)
(10023,10,22,16,10,9,3)
(10024,4,30,24,18,12,11)
(10025,8,23,22,16,10,9,3)
(10026,4,12,11,17,16,22,21,20,26,32)
(10027,6,33,27,21,15,9,10)
(10028,4,22,16,10,9,3,2)
(10029,14,17,18,24,30,36)
(10030,10,22,16,10,9,3,2)
(10031,8,9,15,21,27)
(10032,12,25,26,20,21,15,9,10,4)
(10033,4,18,24,30,36)
(10034,14,15,21,22,23,29,35)
(10035,14,4,10,11,12,18,24)
(10036,10,7,8,14,15,21,22,28)
(10037,10,5,11,17,16,22,21,27,33)
(10038,2,2,3,9,10,16,22,23,29,35)
(10039,14,15,21,27,33)
(10040,12,21,15,9,3,2)
(10041,10,16,22,23,29,35)
(10042,10,8,14,15,21,22,23,24,30,36)
(10043,6,12,18,24,30,36)
(10044,16,31,25,26,20,21,22,16,17,11,12)
(10045,16,31,25,26,20,21,22,16,17,11,5)
(10046,12,28,22,16,10,9,3,2)
(10047,14,27,21,15,9,10,4)
(10048,4,28,22,16,17,11,5)
(10049,12,5,11,17,16,22,21,20,26,25)
(10050,4,34,35,29,30,24,18,12,6)
(10051,1,1,7,13,19,25)
(10052,14,15,21,22,23,29,35)
(10053,6,11,12,18,24,30)
(10054,6,5,11,17,23)
(10055,6,1,2,3,9,15,21)
(10056,16,27,26,25,19,13,7)
(10057,6,13,19,25,26,32)
(10058,16,30,24,18,12,11,10,4)
(10059,8,14,15,21,27,33,34)
(10060,4,1,2,3,9,10,11,12,18,24,30)
(10061,14,23,17,11,5)
(10062,16,30,24,18,12,11,10,4)
(10063,12,13,19,25,26,32)
(10064,6,9,15,21,20,26,32)
(10065,2,9,15,21,20,26,25,31)
(10066,1,31,25,26,20,21,22,16,17,11,12)
(10067,4,5,11,17,16,22,28)
(10068,16,18,24,30,36)
(10069,16,34,33,27,21,15,9,3,2,1)
(10070,16,29,23,22,16,10,9,3)
(10071,12,17,23,29,35)
(10072,12,14,15,21,22,23,29,35)
(10073,2,11,17,16,22,21,27,33)
(10074,10,1,2,8,14,20,26)
(10075,10,5,11,17,16,22,21,20,26,25)
(10076,16,30,24,18,12,11,10,9,3)
(10077,2,15,21,22,23,24,30,36)
(10078,4,10,16,22,28,34)
(10079,1,13,19,20,21,22,23,24,30,36)
(10080,16,9,10,11,12,18,24,30,36)
(10081,10,30,24,18,12,11,10,9,3,2)
(10082,14,20,14,8,2)
(10083,10,18,24,30,36)
(10084,6,33,27,21,22,16,17,11)
(10085,14,1,2,8,14,20,26)
(10086,4,20,14,8,2,1)
(10087,6,25,26,20,21,15,9,10,4)
(10088,1,6,12,11,17,16,22,21,20,26,25)
(10089,10,17,18,24,30,36)
(10090,1,18,24,30,36)
(10091,12,21,15,9,3)
(10092,6,11,17,16,22,28,34)
(10093,6,29,23,22,16,10,9,3,2)
(10094,2,4,10,9,15,21,20,26,25,31)
(10095,16,7,13,19,25,31)
(10096,1,28,22,16,10,9,3,2)
(10097,4,34,33,32,26,25,19,13,7)
(10098,8,24,18,12,11,10,9,3,2,1)
(10099,14,16,22,28,34)
(10100,4,36,30,24,18,12,11,5)
(10101,8,34,35,29,23,17,11,5)
(10102,10,35,29,23,17)
(10103,6,19,13,7,1)
(10104,4,31,25,26,20,21,22,16,17,11,12,6)
(10105,4,10,9,15,21,27,33)
(10106,14,24,18,12,11,10,9,3,2,1)
(10107,14,15,21,22,23,24,30,36)
(10108,4,33,27,21,22,16,17,11,12)
(10109,10,33,27,21,15,9)
(10110,1,23,22,16,10,4)
(10111,6,12,11,17,16,22,21,27,33)
(10112,4,5,11,17,23,29)
(10113,10,4,10,9,15,21,20,26)
(10114,1,24,18,12,11,5)
(10115,4,22,16,10,9,3,2,1)
(10116,4,7,8,14,15,21,22,28)
(10117,16,17,23,29,35)
(10118,16,11,17,23,29,35)
(10119,8,30,24,18,12,11,10,4)
(10120,1,14,20,26,32)
(10121,10,21,15,9,3)
(10122,14,11,17,16,22,21,27,33)
(10123,1,1,7,13,19)
(10124,14,21,15,9,3,2,1)
(10125,4,14,15,21,22,23,29,35)
(10126,14,1,2,3,9,10,11,12,18,24)
(10127,2,8,14,15,21,22,28)
(10128,14,17,23,29,35)
(10129,10,34,33,27,21,15)
(10130,12,2,8,7,13,19,25)
(10131,12,30,24,18,12,11,10,9,3,2)
(10132,4,1,2,3,9,10,16,22,23)
(10133,4,1,2,3,9,15,21,27)
(10134,16,30,24,18,12,11,10,9,3,2,1)
(10135,10,24,18,12,11,10,9,3)
(10136,12,26,20,21,15,9,10,4)
(10137,10,15,21,27,33)
(10138,4,19,13,7,1)
(10139,4,31,25,19,13,7,8)
(10140,16,34,28,22,16)
(10141,8,5,11,17,16,22,21,20,26,25,31)
(10142,16,7,8,14,15,21,22,28)
(10143,1,18,24,30,36)
(10144,16,26,20,14,8,2)
(10145,6,3,9,10,16,22,28)
(10146,12,31,25,19,13,7,8,2)
(10147,1,3,9,15,21,20,26,25)
(10148,14,33,27,21,15,9,3)
(10149,8,23,17,11,5)
(10150,8,14,20,26,32)
(10151,6,9,10,16,22,23,29,35)
(10152,10,22,16,10,9,3,2,1)
(10153,14,6,12,11,17,16,22,21,20,26,25)
(10154,2,23,22,16,10,9,3)
(10155,6,7,8,14,15,21,22,23,24,30,36)
(10156,10,30,24,18,12,6)
(10157,11,22,16,10,4)
(10158,7,35,29,30,24,18,12)
(10159,12,27,21,22,16,17,11,5)
(10160,4,28,22,16,10)
(10161,8,2,8,7,13,19,25)
(10162,8,24,18,12,6)
(10163,7,22,16,10,9,3,2)
(10164,7,26,20,14,8,2)
(10165,12,29,23,17,11,5)
(10166,14,4,10,9,15,21,20,26,25)
(10167,16,12,11,17,16,22,21,27,33)
(10168,13,27,26,25,19,13,7)
(10169,15,17,23,29,35)
(10170,16,36,30,24,18)
(10171,11,1,2,3,9,15,21,27,33)
(10172,2,33,27,21,15,9,10)
(10173,2,4,10,9,15,21,20,26,32)
(10174,7,6,12,11,17,16,22,21,20,26,25,31)
(10175,1,16,22,28,34)
(10176,7,5,11,17,16,22,28)
(10177,1,5,11,17,16,22,21,20,26,25,31)
(10178,11,5,11,17,16,22,21,20,26)
(10179,13,11,17,16,22,21,27,33)
(10180,2,9,10,16,22,23,29)
(10181,16,20,14,8,2,1)
(10182,11,16,22,28,34)
(10183,1,15,21,27,33,34)
(10184,11,17,23,29,35)
(10185,4,8,14,20,26,32)
(10186,15,36,30,24,18,12,11)
(10187,11,23,17,11,5)
(10188,8,35,29,23,22,16,10,9,3)
(10189,3,34,33,32,26,25,19,13)
(10190,4,24,18,12,6)
(10191,11,15,21,27,33)
(10192,13,27,21,15,14,8)
(10193,11,28,22,16,10,9)
(10194,8,26,20,14,8,2)
(10195,11,28,22,21,15,14,8,7)
(10196,5,11,17,23,29,35)
(10197,3,9,15,21,27)
(10198,1,24,18,12,11,10,9,3,2)
(10199,15,23,22,16,10,9,3,2)
(10200,15,9,15,21,20,26,25,31)
(10201,15,28,22,16,10,9)
(10202,16,34,35,29,30,24,18,12)
(10203,11,20,14,8,2)
(10204,8,29,23,22,16,10,4)
(10205,16,24,18,12,11,5)
(10206,5,32,26,20,21,22,16,17,11)
(10207,9,10,11,12,18,24,30,36)
(10208,7,23,22,16,10,9,3,2)
(10209,13,26,20,14,8)
(10210,15,11,17,16,22,21,27,33)
(10211,17,11,17,23,29,35)
(10212,5,35,34,33,32,26,25,19,13)
(10213,3,3,9,15,21,27,33,34)
(10214,15,7,13,19,25,26,32,33)
(10215,17,23,22,16,10,9,3,2)
(10216,13,10,9,15,21,27,33)
(10217,13,31,25,26,20,21,22,16,17,11)
(10218,5,14,15,21,22,23,29,35)
(10219,11,1,2,3,9,15,21,27,33,34)
(10220,13,4,10,16,22,23)
(10221,3,20,14,8,2,1)
(10222,11,12,18,24,30,29,35,34)
(10223,17,34,35,29,30,24,18,12,6)
(10224,9,18,24,30,36)
(10225,7,4,10,16,22,28)
(10226,9,24,18,12,11,10,9,3)
(10227,5,4,10,16,22,28)
(10228,11,18,24,30,36)
(10229,5,17,18,24,30,36)
(10230,9,15,21,22,23,24,30,36)
(10231,15,2,3,9,10,11,12,18,24,30)
(10232,1,22,16,10,9,3)
(10233,5,14,15,21,27,33)
(10234,13,26,20,21,22,16,17,11,12,6)
(10235,3,9,15,21,27,33,34)
(10236,11,8,14,20,26)
(10237,11,19,13,7,1)
(10238,5,11,17,23,29)
(10239,11,11,17,16,22,21,20,26,25,31)
(10240,17,16,22,23,29,35)
(10241,11,14,20,26,32)
(10242,5,16,22,23,24,30,36)
(10243,5,12,11,17,16,22,21,27,33)
(10244,7,35,29,23,17,11,5)
(10245,15,31,25,19,13,7)
(10246,11,30,24,18,12,11,10,9,3,2)
(10247,3,33,27,21,15,9,10)
(10248,17,28,22,21,15,14,8)
(10249,9,24,18,12,11,10,4)
(10250,11,35,29,23,22,16,10,4)
(10251,15,4,10,11,12,18,24,30,36)
(10252,7,30,24,18,12,11,10)
(10253,7,36,30,24,23,22,21,20,19,13)
(10254,13,18,24,30,36)
(10255,7,32,26,20,21,22,16,17,11,12)
(10256,9,7,8,14,15,21,22,23,29)
(10257,3,33,27,21,22,16,17,11,12,6)
(10258,5,31,25,19,13,7,8)
(10259,9,20,14,8,2)
(10260,13,25,19,13,7)
(10261,9,14,15,21,27,33)
(10262,5,25,19,13,7,8,2)
(10263,15,27,21,15,9,3,2)
(10264,1,27,21,15,9)
(10265,5,24,18,12,11,10,9,3,2)
(10266,17,32,26,20,14,8)
(10267,13,29,23,17,11)
(10268,7,23,22,16,10,4)
(10269,13,11,12,18,24,30,36)
(10270,15,7,13,19,25,26,32,33)
(10271,11,18,24,30,36)
(10272,15,35,29,23,22,21,15)
(10273,15,17,23,29,35)
(10274,7,28,22,16,10,9,3,2)
(10275,7,19,13,7,1)
(10276,7,10,16,22,23,29,35)
(10277,3,24,18,12,11,10,9,3)
(10278,9,27,21,15,9,3)
(10279,5,17,18,24,30,36)
(10280,5,22,16,10,4)
(10281,15,10,16,22,23,29,35)
(10282,9,32,26,20,21,22,16,17,11)
(10283,1,9,15,21,27,33,34)
(10284,13,15,21,22,23,24,30,36)
(10285,17,1,7,13,19)
(10286,13,1,2,3,9,15,21,27)
(10287,3,4,10,11,12,18,24,30)
(10288,7,25,26,20,21,15,9,10,4)
(10289,11,33,27,21,15,9,3)
(10290,7,26,20,14,8,2)
(10291,17,26,20,14,8)
(10292,7,35,29,30,24,18,12)
(10293,9,14,15,21,27,33,34)
(10294,1,15,21,22,23,29,35)
(10295,13,34,33,27,21,15,9)
(10296,3,9,15,21,27,33,34)
(10297,5,5,11,12,18,24)
(10298,3,34,35,29,23,17,11)
(10299,5,35,29,23,22,16)
(10300,11,24,18,12,6)
(10301,5,4,10,9,15,21,20,26,25)
(10302,17,18,24,30,36)
(10303,17,17,18,24,30,36)
(10304,17,18,24,30,36)
(10305,15,24,18,12,11,10,9,3)
(10306,15,8,14,15,21,22,28)
(10307,17,14,15,21,22,23,24,30,36)
(10308,7,19,13,7,1)
(10309,11,7,13,19,25,26,27)
(10310,15,21,15,9,3)
(10311,11,29,23,22,16,10)
(10312,3,18,24,30,36)
(10313,1,15,21,22,23,24,30,36)
(10314,9,21,15,9,3,2,1)
(10315,5,10,9,15,21,20,26,32)
(10316,11,11,12,18,24,30)
(10317,15,26,20,21,22,16,17,11,5)
(10318,11,32,26,20,21,15,9,10)
(10319,11,11,12,18,24,30,36)
(10320,9,15,21,22,23,24,30,36)
(10321,5,20,14,8,2)
(10322,15,32,26,20,21,15,9,3)
(10323,3,9,10,16,22,28)
(10324,9,7,13,19,25)
(10325,1,10,16,22,28,34)
(10326,13,11,17,16,22,21,27,33)
(10327,1,2,3,9,10,16,22)
(10328,7,4,10,16,22,23)
(10329,9,2,3,9,10,16,22)
(10330,9,20,14,8,2,1)
(10331,17,36,30,24,23,22,21,20,19,13)
(10332,11,20,14,8,2,1)
(10333,3,21,15,9,3)
(10334,13,31,25,26,20,21,22,16,17,11,5)
(10335,11,30,24,23,22,21,15,14,8,7)
(10336,1,12,18,24,30,29,35,34)
(10337,3,17,23,29,35)
(10338,17,5,11,17,16,22,21,20,26,32)
(10339,5,25,19,13,7,8,2)
(10340,3,26,20,14,8)
(10341,11,20,14,8,2,1)
(10342,9,11,17,16,22,21,20,26,25,31)
(10343,15,25,26,20,21,22,16,17,11,12,6)
(10344,3,33,27,21,15,9,3,2)
(10345,9,28,22,21,15,14,8)
(10346,3,12,18,24,30,29,35)
(10347,15,20,14,8,2)
(10348,7,21,15,9,3,2,1)
(10349,7,21,15,9,3)
(10350,17,35,29,23,22,16,10)
(10351,1,9,10,11,12,18,24,30,36)
(10352,17,30,24,23,22,21,15,14,8,7)
(10353,1,36,30,24,18,12,11)
(10354,9,7,13,19,25,26,27)
(10355,7,25,19,13,7)
(10356,3,16,22,28,34)
(10357,12,5,11,17,16,22,21,20,26,32)
(10358,17,10,11,12,18,24,30,36)
(10359,12,17,23,29,35)
(10360,5,9,10,16,22,23,29)
(10361,3,30,24,18,12,11)
(10362,12,23,22,16,10,9,3)
(10363,13,8,7,13,19,25,31)
(10364,12,11,17,16,22,28,34)
(10365,13,18,24,30,36)
(10366,3,27,21,22,16,17,11,5)
(10367,7,9,15,21,20,26,25,31)
(10368,9,36,30,24,18,12,11,10,9,3)
(10369,9,3,9,15,21,27,33,34)
(10370,7,8,14,15,21,22,23,29,35)
(10371,15,24,18,12,11,5)
(10372,7,23,17,11,5)
(10373,1,16,22,28,34)
(10374,9,6,12,18,24,30)
(10375,17,16,22,28,34)
(10376,1,21,15,9,3)
(10377,7,1,2,3,9,10,16,22,23)
(10378,3,23,22,16,10,4)
(10379,13,23,17,11,5)
(10380,13,17,23,29,35)
(10381,9,1,2,3,9,10,11,12,18,24)
(10382,13,6,12,11,17,16,22,21,27,33)
(10383,15,25,19,13,7,8,2)
(10384,5,30,24,18,12,11,10)
(10385,12,11,17,16,22,21,20,26,32)
(10386,17,27,21,15,9,10,4)
(10387,12,19,13,7,1)
(10388,7,27,26,25,19,13,7)
(10389,5,23,22,16,10,9,3)
(10390,1,26,20,14,8,2)
(10391,9,26,20,21,15,9,10,4)
(10392,2,10,11,12,18,24,30,36)
(10393,13,15,21,22,23,24,30,36)
(10394,7,33,27,21,15,9,10)
(10395,12,22,16,10,9,3)
(10396,15,26,20,21,22,16,17,11,5)
(10397,3,11,17,16,22,21,20,26,32)
(10398,9,7,13,19,25,26,32)
(10399,13,20,14,8,2,1)
(10400,15,12,18,24,30,36)
(10401,15,5,11,17,23,29,35)
(10402,5,6,12,18,24,30,29,35,34)
(10403,13,32,26,20,21,15,9,10)
(10404,13,25,19,13,7,8,2)
(10405,9,10,16,22,28,34)
(10406,13,33,27,21,15,14)
(10407,5,35,29,23,17,11)
(10408,3,35,29,23,22,21,15,14,8,7)
(10409,9,24,18,12,11,10,9,3)
(10410,9,20,14,8,2,1)
(10411,2,26,20,21,15,9,3)
(10412,15,19,13,7,1)
(10413,5,25,26,20,21,22,16,17,11,5)
(10414,17,11,12,18,24,30,36)
(10415,15,13,19,20,21,22,23,24,30,36)
(10416,5,24,18,12,11,5)
(10417,7,11,17,23,29)
(10418,12,13,19,20,21,22,23,24,30,36)
(10419,13,17,23,29,35)
(10420,13,23,22,16,10,4)
(10421,15,14,15,21,27,33)
(10422,13,26,25,19,13,7)
(10423,14,12,18,24,30,29,35,34)
(10424,16,12,18,24,30,29,35)
(10425,12,31,25,19,13,7,1)
(10426,2,5,11,17,16,22,21,20,26,25)
(10427,3,21,15,9,3)
(10428,14,29,30,24,18,12,6)
(10429,5,15,21,27,33)
(10430,8,32,26,25,19,13,7)
(10431,17,26,20,21,22,16,17,11,12,6)
(10432,8,5,11,17,16,22,28)
(10433,17,18,24,30,36)
(10434,17,3,9,10,11,12,18,24)
(10435,9,16,22,23,29,35)
(10436,2,22,16,10,9,3)
(10437,5,23,17,11,5)
(10438,17,11,17,16,22,21,27,33)
(10439,16,6,12,11,17,16,22,21,27,33)
(10440,17,2,3,9,10,16,22)
(10441,2,36,30,24,18,12)
(10442,8,14,15,21,22,23,29,35)
(10443,17,18,24,30,36)
(10444,17,27,21,22,16,17,11,12,6)
(10445,6,19,13,7,1)
(10446,2,13,19,25,31)
(10447,14,12,18,24,30,29,35,34)
(10448,2,7,8,14,15,21,22,28)
(10449,16,33,27,21,22,16,17,11)
(10450,12,18,24,30,36)
(10451,9,3,9,10,11,12,18,24)
(10452,8,10,16,22,23,29,35)
(10453,14,12,18,24,30,29,35)
(10454,3,36,30,24,18,17)
(10455,6,29,23,22,21,15,14,8)
(10456,16,21,15,9,3,2,1)
(10457,8,36,30,24,18,12,11,10,9)
(10458,6,2,3,9,10,11,12,18,24,30)
(10459,2,9,10,11,12,18,24,30,36)
(10460,17,14,15,21,27,33)
(10461,12,4,10,16,22)
(10462,2,25,19,13,7,8,2)
(10463,2,7,8,14,15,21,22,23,29,35)
(10464,3,23,17,11,5)
(10465,2,3,9,15,21,27)
(10466,8,23,17,11,5)
(10467,3,5,11,17,16,22,21,20,26,25)
(10468,17,27,21,15,9,3,2)
(10469,2,6,12,11,17,16,22,21,20,26)
(10470,10,32,26,20,21,22,16,17,11,12,6)
(10471,3,24,18,12,6)
(10472,2,21,15,9,3)
(10473,10,9,10,16,22,23,29,35)
(10474,3,1,2,3,9,10,11,12,18,24,30)
(10475,14,12,11,17,16,22,21,20,26,32)
(10476,14,8,14,15,21,22,23,29)
(10477,2,16,22,23,29,35)
(10478,6,12,18,24,30,29,35)
(10479,16,4,10,16,22)
(10480,4,24,18,12,11,10,4)
(10481,12,4,10,11,12,18,24,30,36)
(10482,2,14,15,21,22,23,24,30,36)
(10483,2,20,14,8,2,1)
(10484,14,8,14,15,21,22,23,29)
(10485,6,15,21,27,33)
(10486,14,8,14,15,21,22,23,24,30)
(10487,6,14,15,21,22,23,24,30,36)
(10488,10,34,33,27,21,15,14,8)
(10489,6,23,22,16,10,9,3,2,1)
(10490,6,16,22,23,29,35)
(10491,2,2,8,7,13,19,25)
(10492,12,5,11,12,18,24,30)
(10493,10,15,21,27,33,34)
(10494,12,16,22,23,29,35)
(10495,8,20,14,8,2)
(10496,2,10,11,12,18,24,30,36)
(10497,14,28,22,16,17,11,12,6)
(10498,6,31,25,26,20,21,15,9,10,4)
(10499,8,10,16,22,23,29,35)
(10500,10,11,17,16,22,21,20,26,25,31)
(10501,6,16,22,23,29,35)
(10502,8,36,30,24,23,22,21,15,14)
(10503,16,28,22,16,10,9,3,2)
(10504,12,33,27,21,15,9,3,2)
(10505,17,19,13,7,1)
(10506,18,5,11,17,23)
(10507,18,27,21,15,9,3)
(10508,8,32,26,20,14,8)
(10509,8,8,14,15,21,22,23,29,35)
(10510,12,1,2,3,9,10,16,22)
(10511,14,12,18,24,30,29,35,34)
