(10000,31,5039,5028,5017,5012,5007,5001)
(10001,41,5022,5027,5038,5044,5045,5051)
(10002,36,5048,5047,5041,5030,5024,5018,5012)
(10003,36,5030,5041,5052)
(10004,41,5012,5011,5016,5027,5038,5044,5045,5051)
(10005,41,5007,5018,5029,5040)
(10006,41,5007,5012,5011,5016,5027,5038,5049)
(10007,16,5002,5007,5012,5011,5016,5027,5033,5039,5050)
(10008,41,5032,5043,5054)
(10009,26,5021,5032,5043,5054,5059)
(10010,21,5053,5047,5041,5030,5024,5018,5012)
(10011,16,5029,5040,5051)
(10012,16,5054,5043,5032,5026,5025,5024,5023)
(10013,36,5050,5039,5034,5029,5023)
(10014,1,5029,5035,5041,5052)
(10015,11,5006,5017,5028,5039,5045,5046,5041)
(10016,36,5030,5041,5047,5048,5054,5059)
(10017,36,5052,5041,5030,5024,5023,5022,5016)
(10018,11,5033,5028,5017,5006,5000)
(10019,41,5020,5031,5036,5041,5046,5045,5050)
(10020,21,5056,5050,5039,5028,5017,5012,5007,5001)
(10021,16,5020,5031,5042,5053,5058,5057)
(10022,26,5049,5038,5033,5028,5017,5006,5000)
(10023,31,5034,5028,5017,5006,5001)
(10024,11,5028,5017,5006,5000)
(10025,36,5007,5012,5011,5016,5027,5038,5044)
(10026,36,5030,5041,5047,5048,5054)
(10027,21,5029,5040,5051,5057,5058)
(10028,21,5041,5030,5024,5018,5012,5011,5005,5000)
(10029,21,5038,5033,5028,5017,5006,5000)
(10030,16,5048,5047,5041,5030,5024,5018,5012,5011,5005,5000)
(10031,11,5031,5036,5041,5052,5058)
(10032,11,5028,5017,5006,5000)
(10033,41,5020,5031,5036,5041,5052,5058)
(10034,1,5030,5041,5052)
(10035,26,5057,5052,5041,5030,5019,5008,5003,5009)
(10036,1,5049,5038,5033,5028,5017,5006,5001,5007)
(10037,41,5038,5027,5016,5011,5012,5013,5014,5009)
(10038,41,5054,5043,5032,5026,5025)
(10039,36,5030,5041,5047,5048,5054)
(10040,41,5030,5024,5018,5007)
(10041,41,5011,5012,5018,5024,5030,5041,5052)
(10042,26,5030,5024,5018,5012,5011,5005,5000)
(10043,21,5027,5038,5044,5050,5056,5057,5058)
(10044,26,5049,5038,5027,5016,5011,5012,5007,5002)
(10045,26,5050,5039,5028,5017,5012,5013,5008,5002)
(10046,26,5005,5016,5027,5038)
(10047,16,5052,5041,5030,5019,5008,5003,5004)
(10048,31,5033,5028,5017,5006,5000)
(10049,31,5041,5030,5024,5018,5007)
(10050,21,5041,5030,5024,5018,5007,5001,5000)
(10051,26,5028,5034,5035,5041,5047,5048,5054)
(10052,26,5046,5047,5048,5043,5032,5021,5010,5004)
(10053,36,5019,5024,5023,5028,5033,5038,5049)
(10054,36,5002,5001,5006,5017,5028,5033,5038,5049)
(10055,1,5031,5025,5019,5008)
(10056,11,5021,5026,5025,5024,5023,5028,5033,5038,5049)
(10057,21,5037,5031,5025,5024,5018,5007)
(10058,1,5007,5012,5011,5016,5027,5038,5049)
(10059,1,5008,5019,5025,5026,5032,5037)
(10060,16,5034,5028,5017,5006,5001)
(10061,11,5039,5028,5017,5012,5007,5001)
(10062,21,5053,5047,5041,5030)
(10063,31,5043,5032,5021)
(10064,11,5021,5032,5043)
(10065,1,5050,5056,5057,5052,5047,5048,5043,5032,5021,5010,5004)
(10066,21,5007,5018,5029,5040,5051,5057,5058)
(10067,31,5032,5043,5054)
(10068,6,5018,5029,5040)
(10069,41,5005,5016,5027,5033,5039,5050)
(10070,41,5052,5046,5040,5029)
(10071,26,5027,5038,5049,5055,5056,5057)
(10072,26,5019,5030,5041)
(10073,41,5029,5018,5012,5011,5005,5000)
(10074,1,5054,5048,5047,5041,5030,5019,5014)
(10075,1,5008,5002,5007,5018,5029,5040,5051,5057,5058)
(10076,11,5021,5026,5031,5036,5041,5046,5045,5050)
(10077,11,5054,5048,5047,5041,5030,5024,5018,5007)
(10078,16,5010,5021,5026,5025,5024,5029,5040,5051,5057)
(10079,1,5031,5025,5024,5018,5012,5011,5005,5000)
(10080,21,5027,5038,5044,5045,5051)
(10081,1,5021,5032,5043,5054,5059)
(10082,6,5033,5028,5017,5006,5000)
(10083,6,5007,5012,5011,5016,5027,5038,5044,5045,5051)
(10084,16,5028,5017,5006,5000)
(10085,41,5001,5007,5013,5019,5030,5041,5047)
(10086,1,5030,5041,5052)
(10087,41,5048,5047,5041,5030,5024,5018,5007,5001,5000)
(10088,6,5032,5021,5010)
(10089,21,5033,5028,5017,5006,5000)
(10090,6,5006,5017,5028,5039,5045,5046,5041)
(10091,16,5041,5030,5024,5018,5007)
(10092,31,5007,5018,5029,5040,5051,5057,5052)
(10093,11,5029,5035,5041,5052)
(10094,6,5027,5038,5049,5055,5056,5057)
(10095,41,5028,5039,5050,5056,5057)
(10096,11,5022,5028,5034,5035,5041,5047,5048,5054)
(10097,11,5006,5017,5028,5033,5038,5044)
(10098,1,5028,5039,5050,5056,5057)
(10099,1,5033,5028,5017,5006,5000)
(10100,26,5053,5047,5041,5030,5024,5018,5012)
(10101,26,5031,5036,5041,5052,5058)
(10102,31,5005,5011,5012,5018,5024,5030,5041,5052)
(10103,11,5054,5048,5047,5041,5030,5024,5018,5007,5001,5000)
(10104,16,5031,5036,5041,5052,5058)
(10105,11,5031,5036,5041,5052,5058)
(10106,1,5048,5043,5032,5021,5015)
(10107,41,5053,5048,5043,5032,5021,5015)
(10108,6,5029,5035,5041,5047,5048,5054)
(10109,26,5052,5047,5048,5043,5032,5021,5010,5004)
(10110,11,5029,5035,5041,5047,5048,5054)
(10111,21,5050,5039,5034,5029,5024,5019,5008)
(10112,16,5038,5027,5016,5011,5012,5007,5002)
(10113,6,5052,5041,5030,5024,5023,5022,5016)
(10114,22,5019,5024,5023,5028,5033,5038,5049)
(10115,1,5038,5033,5028,5017,5012,5013,5008,5002)
(10116,41,5007,5012,5011,5016,5027,5038,5049)
(10117,31,5011,5016,5027,5033,5039,5050)
(10118,17,5010,5021,5026,5031,5036,5041,5046,5045,5050)
(10119,17,5027,5038,5049)
(10120,22,5038,5033,5028,5017,5012,5007,5001)
(10121,17,5020,5025,5030,5041,5047,5048)
(10122,36,5048,5047,5041,5030,5024,5018,5007)
(10123,41,5020,5025,5024,5029,5040,5051,5056,5055)
(10124,31,5005,5011,5012,5013,5019,5025,5026,5032,5037)
(10125,17,5040,5029,5024,5019,5008,5003,5004)
(10126,36,5057,5056,5050,5039,5034,5029,5023)
(10127,41,5007,5018,5029,5040)
(10128,31,5031,5037,5043,5054)
(10129,11,5001,5006,5017,5028,5034)
(10130,26,5028,5039,5050)
(10131,41,5041,5030,5024,5018,5007,5001,5000)
(10132,41,5011,5012,5018,5024,5030,5041)
(10133,41,5020,5031,5036,5041,5052,5058)
(10134,6,5040,5029,5024,5019,5008,5003,5004)
(10135,32,5034,5028,5017,5006,5001)
(10136,17,5029,5018,5012,5011,5005,5000)
(10137,1,5001,5006,5017,5028,5034)
(10138,26,5018,5029,5040)
(10139,6,5038,5033,5028,5017,5011)
(10140,1,5032,5043,5054)
(10141,32,5009,5020,5026,5032,5043,5048)
(10142,32,5008,5019,5025,5026,5032,5043)
(10143,17,5048,5047,5041,5030,5019,5014,5009)
(10144,11,5055,5049,5038,5027,5016)
(10145,1,5021,5026,5031,5042,5053,5058,5057)
(10146,32,5056,5057,5052,5047,5048,5043,5032,5021,5010,5004)
(10147,11,5001,5007,5013,5019,5030,5041,5047,5042,5037)
(10148,26,5032,5043,5054)
(10149,6,5011,5012,5013,5019,5030,5041,5047)
(10150,17,5030,5041,5047,5048,5054)
(10151,17,5008,5019,5030)
(10152,6,5034,5028,5017,5006,5001)
(10153,41,5011,5012,5013,5019,5025,5026,5032,5043)
(10154,17,5007,5013,5019,5025,5026,5032,5037)
(10155,11,5029,5018,5007,5001,5000)
(10156,32,5011,5016,5027,5038,5049)
(10157,6,5051,5040,5029,5018,5007)
(10158,17,5048,5047,5041,5030,5019,5014)
(10159,1,5009,5020,5031,5036,5041,5046)
(10160,17,5009,5020,5031,5042,5047,5046,5051,5057)
(10161,17,5021,5026,5031,5036,5041,5046,5045,5050)
(10162,11,5008,5002,5007,5012,5011,5016,5027,5033,5039,5050)
(10163,41,5047,5041,5030,5024,5023,5017,5012)
(10164,41,5041,5030,5019)
(10165,6,5032,5026,5025,5024,5018,5012,5011,5005,5000)
(10166,17,5028,5017,5006,5000)
(10167,22,5027,5033,5039,5050)
(10168,6,5002,5001,5006,5017,5028,5033,5038,5049)
(10169,1,5031,5037,5043,5054)
(10170,11,5019,5030,5041,5052,5057)
(10171,11,5002,5007,5018,5029,5040,5051,5057,5058)
(10172,36,5052,5041,5030,5019,5008,5003,5009)
(10173,41,5049,5038,5027,5016,5011,5012,5013,5014,5009)
(10174,26,5057,5056,5050,5039,5028,5017,5012,5007,5001)
(10175,36,5019,5030,5041,5052,5057)
(10176,6,5048,5047,5041,5030,5019,5014,5009)
(10177,11,5032,5026,5025,5024,5018,5012,5011,5005,5000)
(10178,1,5000,5005,5016,5027,5038,5049,5055,5056,5057,5052)
(10179,26,5044,5038,5027,5016)
(10180,41,5022,5027,5038,5044,5045,5051)
(10181,32,5032,5043,5054)
(10182,1,5008,5019,5030,5041,5047,5048,5054)
(10183,36,5031,5036,5041,5052,5058)
(10184,22,5028,5017,5006,5000)
(10185,11,5021,5032,5043)
(10186,11,5007,5012,5011,5016,5027,5038,5044,5045,5051)
(10187,26,5057,5056,5050,5039,5028,5017,5012,5007,5001)
(10188,32,5019,5024,5023,5028,5033,5038,5049)
(10189,36,5000,5006,5017,5028,5034,5035,5041,5047,5048,5054)
(10190,41,5007,5018,5029,5035,5041,5052)
(10191,22,5029,5040,5051)
(10192,26,5007,5018,5029,5040)
(10193,41,5047,5041,5030,5024,5023,5017,5012)
(10194,36,5054,5043,5032,5021,5010)
(10195,22,5016,5027,5038)
(10196,11,5011,5012,5013,5019,5025,5026,5032,5043)
(10197,22,5012,5011,5016,5027,5038,5049)
(10198,32,5053,5047,5041,5030,5019,5008)
(10199,22,5054,5048,5047,5041,5030,5025)
(10200,1,5009,5020,5025,5030,5041,5047,5048)
(10201,1,5050,5039,5028,5017,5006,5001,5007)
(10202,17,5030,5024,5018,5012,5011,5005,5000)
(10203,22,5016,5027,5038)
(10204,11,5020,5031,5036,5041,5046,5045,5050)
(10205,41,5030,5024,5018,5007)
(10206,26,5005,5011,5017,5028,5039,5045,5046,5041)
(10207,1,5054,5048,5047,5041,5030,5019,5014)
(10208,32,5028,5039,5050)
(10209,42,5029,5040,5051)
(10210,32,5007,5012,5017,5028,5039,5044)
(10211,1,5043,5032,5021,5010)
(10212,36,5002,5007,5018,5029,5040)
(10213,32,5011,5016,5027,5038,5049,5055,5056,5057,5052)
(10214,11,5049,5038,5027,5016,5011,5012,5013)
(10215,17,5002,5007,5012,5011,5016,5027,5033,5039,5050)
(10216,12,5029,5035,5041,5052)
(10217,1,5007,5013,5019,5030)
(10218,1,5029,5018,5012,5011,5005,5000)
(10219,1,5002,5001,5006,5017,5028,5033,5038,5049)
(10220,32,5056,5050,5039,5028,5017,5012,5007,5001)
(10221,6,5032,5043,5054)
(10222,22,5030,5019,5008)
(10223,12,5029,5040,5051,5057,5058)
(10224,1,5034,5028,5017,5006,5001)
(10225,32,5032,5043,5054)
(10226,32,5041,5030,5024,5018,5012)
(10227,6,5028,5034,5035,5041,5047,5048,5054)
(10228,12,5029,5040,5051)
(10229,22,5049,5038,5033,5028,5017,5006,5000)
(10230,22,5041,5030,5024,5018,5007)
(10231,42,5044,5038,5027,5016,5005)
(10232,1,5001,5007,5013,5019,5025,5026,5032,5037)
(10233,42,5013,5019,5025,5026,5032,5043)
(10234,42,5048,5047,5041,5030,5024,5018,5007,5001,5000)
(10235,17,5020,5025,5024,5029,5040,5051,5056,5055)
(10236,22,5029,5018,5012,5011,5005,5000)
(10237,42,5031,5036,5041,5052,5058)
(10238,1,5030,5024,5018,5007)
(10239,6,5016,5027,5038,5044,5045,5051)
(10240,42,5055,5049,5038,5027,5016,5011,5012,5013,5008,5003,5004)
(10241,22,5011,5012,5013,5019,5025,5026,5032,5043)
(10242,1,5001,5007,5013,5019,5030,5041,5047)
(10243,26,5045,5039,5028,5017)
(10244,42,5053,5048,5043,5032,5021,5015,5009)
(10245,22,5001,5007,5013,5019,5025,5026,5032,5043)
(10246,17,5056,5055,5049,5038,5033,5028,5017,5011,5016)
(10247,22,5013,5019,5030,5041,5047)
(10248,42,5027,5033,5039,5050)
(10249,42,5047,5048,5043,5032,5021,5010,5004)
(10250,17,5049,5038,5027,5016,5011,5012,5013,5014)
(10251,42,5030,5041,5052)
(10252,27,5056,5057,5052,5041,5030,5019)
(10253,32,5028,5017,5012,5007,5001)
(10254,12,5007,5013,5019,5030)
(10255,1,5047,5041,5030,5024,5018,5012,5011,5005,5000)
(10256,42,5045,5039,5028,5017)
(10257,27,5040,5029,5024,5019,5008,5003,5004)
(10258,1,5027,5033,5039,5050)
(10259,22,5028,5034,5035,5041,5047,5048,5054,5059)
(10260,32,5039,5028,5017)
(10261,36,5028,5034,5035,5041,5047,5048,5054)
(10262,6,5020,5031,5042,5047,5046,5051,5057)
(10263,37,5011,5016,5027,5038,5044)
(10264,27,5050,5039,5034,5029,5023)
(10265,6,5031,5036,5041,5052,5058)
(10266,32,5033,5028,5017,5006,5000)
(10267,27,5032,5043,5054)
(10268,27,5007,5013,5019,5025,5026,5032,5037)
(10269,6,5029,5018,5012,5011,5005,5000)
(10270,12,5030,5041,5047,5048,5054)
(10271,42,5045,5039,5028,5017)
(10272,42,5030,5041,5052)
(10273,6,5001,5007,5018,5029,5035,5041,5052)
(10274,12,5057,5052,5041,5030,5019,5008)
(10275,42,5001,5007,5018,5029)
(10276,27,5049,5038,5033,5028,5017,5006,5001,5007)
(10277,1,5005,5011,5017,5028,5033,5038,5044)
(10278,17,5028,5017,5006,5000)
(10279,22,5032,5043,5054)
(10280,32,5010,5021,5032,5043,5054)
(10281,1,5020,5031,5036,5041,5052,5058)
(10282,1,5020,5031,5042,5053,5058,5057)
(10283,37,5041,5030,5024,5018,5007)
(10284,17,5041,5030,5024,5018,5007)
(10285,42,5022,5027,5038,5044,5045,5051)
(10286,37,5020,5031,5042,5053,5058,5057)
(10287,37,5008,5019,5030,5041,5052)
(10288,27,5034,5028,5017,5006,5001)
(10289,37,5033,5028,5017,5006,5000)
(10290,27,5021,5026,5031,5042,5053,5058,5057)
(10291,6,5039,5028,5017)
(10292,22,5032,5043,5054)
(10293,6,5047,5041,5030,5024,5018,5007,5001,5000)
(10294,7,5041,5030,5024,5018,5012,5011,5005,5000)
(10295,12,5030,5041,5052)
(10296,17,5022,5028,5034,5035,5041,5047,5048,5054)
(10297,12,5022,5028,5034,5035,5041,5047,5048,5054)
(10298,32,5051,5045,5039,5028,5017)
(10299,27,5010,5021,5026,5025,5024,5023,5028,5039,5044)
(10300,22,5039,5028,5017,5012,5013,5008,5002)
(10301,37,5019,5025,5026,5032,5043)
(10302,27,5044,5038,5027,5016)
(10303,17,5034,5028,5017,5006,5001)
(10304,12,5030,5024,5018,5007)
(10305,1,5038,5033,5028,5017,5011)
(10306,17,5052,5041,5030,5019,5014,5015)
(10307,37,5027,5038,5044,5050,5056,5057,5058)
(10308,37,5027,5033,5039,5050)
(10309,37,5040,5029,5018)
(10310,12,5032,5026,5025,5024,5018,5012,5011,5005,5000)
(10311,32,5028,5039,5050)
(10312,27,5008,5019,5030,5041,5052,5057)
(10313,17,5010,5021,5026,5025,5024,5023,5028,5039,5044)
(10314,22,5031,5026,5021,5015,5009)
(10315,37,5037,5031,5025,5019,5008,5003)
(10316,37,5005,5016,5027,5038,5044,5045,5051)
(10317,42,5028,5017,5012,5007,5001)
(10318,22,5021,5026,5025,5024,5029,5040,5051,5057)
(10319,7,5001,5007,5013,5019,5025,5026,5032,5043)
(10320,32,5054,5048,5047,5041,5030,5019,5008)
(10321,37,5001,5007,5013,5019,5030,5041,5047)
(10322,22,5031,5026,5021,5015,5009)
(10323,22,5057,5052,5047,5048,5043,5032,5021,5010,5004)
(10324,37,5039,5028,5017,5012,5013,5008,5002)
(10325,32,5009,5020,5031,5036,5041,5046)
(10326,12,5006,5017,5028,5033,5038,5044)
(10327,17,5049,5038,5033,5028,5017,5011)
(10328,27,5033,5028,5017,5006,5000)
(10329,7,5032,5021,5015,5014,5008)
(10330,12,5051,5040,5029,5024,5019,5008,5003,5004)
(10331,37,5056,5057,5052,5041,5030,5019)
(10332,12,5000,5005,5016,5027,5033,5039,5050,5056,5051)
(10333,17,5019,5030,5041,5052)
(10334,32,5039,5028,5017,5012,5013,5008,5002)
(10335,1,5048,5047,5041,5030,5019,5014,5009)
(10336,7,5029,5018,5007,5001,5000)
(10337,27,5022,5028,5034,5035,5041,5047,5048,5054)
(10338,1,5031,5036,5041,5052,5058)
(10339,17,5056,5057,5052,5047,5048,5043,5032,5021,5010,5004)
(10340,22,5020,5026,5032,5043,5048)
(10341,42,5016,5027,5033,5039,5050,5056,5051)
(10342,37,5038,5033,5028,5017,5012,5007,5001)
(10343,12,5022,5028,5034,5035,5041,5047,5048,5054)
(10344,37,5005,5011,5012,5018,5024,5030,5041)
(10345,7,5028,5017,5012,5007,5001)
(10346,12,5000,5005,5016,5027,5038,5049,5055,5056,5057,5052)
(10347,17,5053,5047,5041,5030,5024,5023,5017,5012)
(10348,27,5031,5025,5024,5018,5007)
(10349,12,5047,5041,5030,5024,5018,5012,5011,5005,5000)
(10350,37,5039,5028,5017,5012,5013,5008,5002)
(10351,27,5016,5027,5038,5044,5045,5051)
(10352,7,5029,5040,5051,5057,5058)
(10353,7,5032,5021,5015,5014,5008)
(10354,7,5008,5019,5030,5041,5047,5048,5054)
(10355,1,5039,5028,5017,5012,5013,5008,5002)
(10356,1,5054,5048,5047,5041,5030,5024,5023,5017,5012)
(10357,7,5027,5033,5039,5050)
(10358,12,5030,5024,5018,5007,5001,5000)
(10359,27,5001,5006,5017,5028,5034)
(10360,42,5030,5019,5008)
(10361,27,5005,5011,5017,5028,5033)
(10362,7,5043,5032,5021,5010)
(10363,17,5033,5028,5017,5006,5000)
(10364,12,5048,5047,5041,5030,5019)
(10365,12,5047,5041,5030,5024,5018,5012)
(10366,37,5016,5027,5038)
(10367,22,5051,5040,5029,5024,5019,5008,5003,5004)
(10368,7,5028,5039,5050)
(10369,7,5051,5040,5029,5018,5007)
(10370,37,5029,5040,5051,5057,5058)
(10371,7,5050,5039,5034,5029,5023)
(10372,22,5030,5024,5018,5007,5001,5000)
(10373,17,5027,5038,5049)
(10374,42,5049,5038,5027,5016,5011,5012,5007,5002)
(10375,22,5044,5038,5027,5016,5011,5012,5013,5008,5003,5004)
(10376,37,5054,5043,5032,5026,5025)
(10377,12,5034,5028,5017,5006,5001)
(10378,17,5010,5021,5026,5025,5024,5029,5040,5051,5057)
(10379,37,5031,5037,5043,5054)
(10380,42,5029,5035,5041,5047,5048,5054)
(10381,7,5002,5007,5018,5029,5040)
(10382,22,5002,5007,5012,5011,5016,5027,5033,5039,5050)
(10383,1,5040,5029,5018,5007,5001,5000)
(10384,22,5020,5026,5032,5043,5048)
(10385,17,5009,5020,5025,5024,5029,5040,5051,5057,5052)
(10386,42,5008,5019,5030,5041,5047,5042,5037)
(10387,2,5019,5024,5023,5028,5033,5038,5049)
(10388,32,5049,5038,5033,5028,5017)
(10389,32,5030,5041,5052)
(10390,32,5045,5039,5028,5017,5006,5001)
(10391,22,5058,5057,5056,5050,5039,5028,5017,5012,5007,5001)
(10392,32,5001,5007,5013,5019,5030,5041,5047,5042,5037)
(10393,27,5034,5028,5017,5006,5001)
(10394,12,5008,5019,5030,5041,5052,5057)
(10395,32,5028,5034,5035,5041,5047,5048,5054,5059)
(10396,32,5053,5047,5041,5030,5024,5018,5012)
(10397,17,5020,5031,5037,5043,5054)
(10398,7,5009,5020,5026,5032,5043,5048)
(10399,2,5012,5011,5016,5027,5033,5039,5050)
(10400,37,5037,5031,5025,5024,5018,5007,5001,5000)
(10401,12,5020,5025,5024,5029,5040,5051,5056,5055)
(10402,27,5028,5017,5012,5007,5001)
(10403,27,5005,5011,5012,5018,5029,5035,5041,5047,5048,5054,5059)
(10404,12,5030,5024,5018,5007,5001,5000)
(10405,12,5029,5035,5041,5047,5048,5054)
(10406,2,5011,5016,5027,5038,5044,5050,5056,5057,5058)
(10407,27,5037,5031,5025,5024,5018,5007,5001,5000)
(10408,37,5007,5012,5011,5016,5027,5038,5044,5045,5051)
(10409,7,5031,5025,5024,5018,5012,5011,5005,5000)
(10410,27,5048,5047,5041,5030,5024,5023,5017,5012)
(10411,17,5022,5027,5038,5044,5045,5051)
(10412,7,5028,5017,5012,5007,5001)
(10413,42,5028,5039,5050,5056,5057)
(10414,27,5053,5047,5041,5030,5024,5023,5022,5016)
(10415,37,5053,5047,5041,5030,5024,5018,5007,5001,5000)
(10416,17,5028,5017,5012,5007,5001)
(10417,22,5022,5028,5034,5035,5041,5047,5048,5054)
(10418,17,5020,5025,5024,5029,5040,5051,5056,5055)
(10419,17,5056,5057,5052,5041,5030,5019,5014,5015)
(10420,27,5048,5047,5041,5030,5024,5023,5022,5016)
(10421,42,5031,5036,5041,5052,5058)
(10422,32,5049,5038,5027,5016,5011,5012,5013,5014,5020,5026,5021)
(10423,2,5012,5018,5029,5040)
(10424,42,5012,5018,5029,5035,5041,5052)
(10425,27,5050,5056,5057,5052,5047,5048,5043,5032,5021,5010,5004)
(10426,32,5052,5041,5030,5024,5023,5017,5012)
(10427,42,5027,5038,5044,5045,5051)
(10428,32,5032,5043,5054)
(10429,37,5052,5041,5030,5019)
(10430,27,5049,5038,5027,5016,5011,5012,5013)
(10431,42,5055,5049,5038,5027,5016)
(10432,22,5047,5041,5030,5024,5018,5012)
(10433,22,5056,5057,5052,5047,5048,5043,5032,5021,5010,5004)
(10434,17,5027,5038,5049)
(10435,12,5030,5041,5047,5048,5054)
(10436,17,5030,5041,5052)
(10437,12,5057,5056,5055,5049,5038,5033,5028,5017,5011,5016)
(10438,7,5008,5019,5030,5041,5047,5042,5037)
(10439,27,5013,5019,5025,5026,5032,5043)
(10440,17,5051,5040,5029,5018,5012,5011)
(10441,7,5049,5038,5033,5028,5017,5011)
(10442,32,5034,5028,5017,5006,5001)
(10443,32,5030,5024,5018,5012,5011,5005,5000)
(10444,37,5049,5038,5027,5016,5011,5012,5013,5014,5020,5026,5021)
(10445,12,5000,5005,5016,5027,5033,5039,5050,5056,5051)
(10446,27,5030,5041,5052)
(10447,22,5057,5052,5047,5048,5043,5032,5021,5010,5004)
(10448,32,5018,5029,5040,5051,5057,5052)
(10449,37,5048,5047,5041,5030,5024,5018,5012)
(10450,17,5000,5005,5016,5027,5038,5049,5055,5056,5057,5052)
(10451,22,5028,5034,5035,5041,5047,5048,5054,5059)
(10452,37,5005,5011,5012,5018,5029)
(10453,7,5049,5038,5027,5016,5011,5012,5013,5014,5009)
(10454,42,5031,5036,5041,5052,5058)
(10455,2,5006,5017,5028,5033,5038,5049)
(10456,32,5030,5041,5047,5048,5054,5059)
(10457,22,5051,5040,5029,5018,5007,5001,5000)
(10458,32,5027,5038,5044,5050,5056,5057,5058)
(10459,22,5021,5032,5043,5054)
(10460,12,5019,5030,5041,5052,5057)
(10461,17,5005,5016,5027,5038,5044,5045,5051)
(10462,42,5058,5057,5056,5050,5039,5028,5017,5012,5007,5001)
(10463,27,5021,5026,5025,5024,5029,5040,5051,5057)
(10464,7,5033,5028,5017,5006,5000)
(10465,42,5047,5041,5030,5024,5018,5007,5001,5000)
(10466,42,5021,5032,5043,5054,5059)
(10467,22,5007,5018,5029,5040,5051,5057,5058)
(10468,42,5019,5030,5041)
(10469,42,5049,5038,5027,5016,5011,5012,5007,5002)
(10470,22,5038,5033,5028,5017,5012,5007,5001)
(10471,32,5000,5006,5017,5028,5034,5035,5041,5047,5048,5054)
(10472,12,5029,5035,5041,5052)
(10473,12,5001,5007,5018,5029,5035,5041,5052)
(10474,42,5040,5029,5018,5012,5011)
(10475,37,5031,5025,5019,5008)
(10476,27,5010,5021,5026,5025,5024,5029,5040,5051,5056,5050)
(10477,32,5046,5047,5048,5043,5032,5021,5010,5004)
(10478,12,5055,5049,5038,5027,5016,5005)
(10479,42,5047,5041,5030,5019)
(10480,27,5031,5037,5043,5054)
(10481,37,5011,5012,5018,5024,5030,5041)
(10482,42,5011,5016,5027,5033,5039,5050)
(10483,17,5048,5047,5041,5030,5019)
(10484,27,5049,5038,5033,5028,5017,5011,5016)
(10485,7,5020,5031,5036,5041,5052,5058)
(10486,22,5020,5031,5042,5053,5058,5057)
(10487,2,5007,5018,5029,5040,5051,5057,5058)
(10488,17,5013,5019,5025,5026,5032,5043)
(10489,42,5033,5028,5017,5006,5000)
(10490,22,5048,5047,5041,5030,5019,5014,5009)
(10491,22,5040,5029,5024,5019,5008)
(10492,27,5002,5007,5018,5029,5040,5051,5057,5058)
(10493,2,5028,5034,5035,5041,5047,5048,5054,5059)
(10494,17,5007,5018,5029,5040)
(10495,22,5012,5013,5019,5025,5026,5032,5043)
(10496,7,5041,5030,5024,5018,5007)
(10497,27,5032,5043,5054)
(10498,7,5020,5025,5024,5029,5040,5051,5056,5055)
(10499,2,5002,5007,5018,5029,5040,5051,5057,5058)
(10500,7,5003,5002,5007,5012,5011,5016,5027,5038,5049)
(10501,18,5007,5018,5029,5040,5051,5057,5052)
(10502,42,5052,5041,5030,5024,5018,5007,5001,5000)
(10503,42,5020,5031,5037,5043,5054)
(10504,12,5031,5037,5043,5054)
(10505,12,5011,5012,5018,5024,5030,5041)
(10506,2,5054,5043,5032,5026,5025,5024,5023)
(10507,32,5031,5025,5024,5018,5012,5011,5005,5000)
(10508,42,5050,5039,5028,5017,5012,5013,5008,5002)
(10509,32,5006,5017,5028,5034,5035,5041,5047,5048,5054)
(10510,27,5032,5021,5015,5014,5008)
(10511,32,5048,5047,5041,5030,5024,5018,5007,5001,5000)
(10512,2,5007,5012,5011,5016,5027,5038,5044,5045,5051)
(10513,27,5047,5041,5030,5024,5018,5007,5001,5000)
(10514,12,5054,5048,5047,5041,5030,5024,5023,5017,5012)
(10515,7,5053,5047,5041,5030,5024,5023,5022,5016)
(10516,22,5049,5038,5033,5028,5017,5011,5016)
(10517,12,5048,5043,5032,5021,5010)
(10518,42,5056,5057,5052,5041,5030,5019,5014,5015)
(10519,12,5022,5028,5034,5035,5041,5047,5048,5054)
(10520,2,5010,5021,5032,5043,5054)
(10521,18,5018,5029,5035,5041,5052)
(10522,7,5031,5037,5043,5054)
(10523,32,5048,5047,5041,5030,5024,5018,5012)
(10524,12,5056,5057,5052,5041,5030,5019,5014,5015)
(10525,2,5049,5038,5027,5016,5011,5012,5013,5014,5009)
(10526,18,5008,5019,5030)
(10527,2,5020,5025,5030,5041,5047,5048)
(10528,7,5008,5019,5030,5041,5047,5042,5037)
(10529,42,5052,5047,5048,5043,5032,5021,5010,5004)
(10530,7,5051,5040,5029,5018,5012,5011)
(10531,37,5011,5016,5027,5033,5039,5050)
(10532,7,5022,5028,5034,5035,5041,5047,5048,5054)
(10533,2,5028,5039,5050)
(10534,23,5002,5007,5018,5029,5040,5051,5057,5058)
(10535,37,5044,5038,5027,5016,5005)
(10536,23,5016,5027,5038)
(10537,23,5044,5038,5027,5016)
(10538,42,5041,5030,5019,5008,5003,5004)
(10539,12,5032,5043,5054)
(10540,2,5028,5039,5050)
(10541,42,5012,5018,5029,5035,5041,5052)
(10542,12,5020,5031,5036,5041,5052,5058)
(10543,2,5008,5019,5030,5041,5047)
(10544,42,5030,5024,5018,5007)
(10545,27,5020,5025,5030,5041,5047,5048)
(10546,7,5040,5029,5024,5019,5008)
(10547,32,5007,5018,5029,5040,5051,5057,5052)
(10548,42,5027,5038,5049)
(10549,2,5010,5021,5026,5031,5036,5041,5046)
(10550,2,5050,5056,5057,5052,5047,5048,5043,5032,5021,5010,5004)
(10551,12,5054,5048,5047,5041,5030,5024,5018,5007,5001,5000)
(10552,32,5007,5012,5011,5016,5027,5038,5044)
(10553,27,5022,5027,5038,5044,5045,5051)
(10554,7,5030,5024,5018,5007,5001,5000)
(10555,7,5005,5016,5027,5033,5039,5050)
(10556,33,5051,5045,5039,5028,5017)
(10557,23,5048,5047,5041,5030,5024,5018,5007,5001,5000)
(10558,12,5018,5029,5035,5041,5052)
(10559,43,5038,5027,5016,5011,5012,5013,5014,5009)
(10560,12,5010,5021,5026,5031,5036,5041,5046)
(10561,2,5053,5047,5041,5030,5024,5023,5022,5016)
(10562,37,5028,5017,5012,5007,5001)
(10563,23,5006,5017,5028,5034,5035,5041,5047,5048,5054)
(10564,33,5032,5043,5054)
(10565,43,5044,5038,5027,5016)
(10566,27,5030,5041,5047,5048,5054)
(10567,7,5020,5031,5037,5043,5054)
(10568,18,5030,5024,5018,5007,5001,5000)
(10569,43,5049,5038,5033,5028,5017,5011,5016)
(10570,12,5030,5024,5018,5012,5011,5005,5000)
(10571,43,5046,5047,5048,5043,5032,5021,5010,5004)
(10572,18,5041,5030,5019)
(10573,33,5054,5048,5047,5041,5030,5025)
(10574,7,5011,5016,5027,5038,5049)
(10575,12,5027,5038,5049)
(10576,27,5028,5039,5050)
(10577,27,5030,5024,5018,5012,5011,5005,5000)
(10578,23,5028,5039,5050,5056,5057)
(10579,23,5033,5028,5017,5006,5000)
(10580,37,5020,5025,5030,5041,5047,5048)
(10581,43,5032,5043,5054)
(10582,33,5031,5025,5024,5018,5007,5001,5000)
(10583,27,5033,5028,5017,5006,5000)
(10584,27,5006,5017,5028,5033,5038,5044)
(10585,7,5029,5035,5041,5052)
(10586,43,5054,5048,5047,5041,5030,5019,5008)
(10587,18,5029,5018,5012,5011,5005,5000)
(10588,27,5030,5041,5052)
(10589,37,5058,5057,5056,5050,5039,5028,5017,5012,5007,5001)
(10590,18,5016,5027,5038)
(10591,12,5031,5025,5024,5018,5012,5011,5005,5000)
(10592,23,5021,5026,5025,5024,5023,5028,5033,5038,5049)
(10593,37,5012,5013,5019,5025,5026,5032,5043)
(10594,18,5053,5047,5041,5030)
(10595,43,5044,5038,5027,5016,5011,5012,5013,5008,5003,5004)
(10596,43,5032,5043,5054)
(10597,43,5019,5030,5041,5052,5057)
(10598,18,5000,5005,5016,5027,5033,5039,5050,5056,5051)
(10599,13,5028,5034,5035,5041,5047,5048,5054,5059)
(10600,33,5020,5026,5032,5043,5048)
(10601,18,5029,5040,5051,5057,5058)
(10602,33,5013,5019,5025,5026,5032,5043)
(10603,37,5048,5047,5041,5030,5024,5018,5012)
(10604,13,5010,5021,5032,5043,5054)
(10605,37,5041,5030,5019)
(10606,27,5032,5043,5054)
(10607,37,5045,5039,5028,5017,5011,5005,5000)
(10608,2,5001,5007,5013,5019,5025,5026,5032,5037)
(10609,33,5032,5043,5054)
(10610,18,5033,5028,5017,5006,5000)
(10611,33,5021,5032,5043)
(10612,18,5013,5019,5030,5041,5047,5048,5054)
(10613,2,5053,5048,5043,5032,5021)
(10614,18,5009,5020,5031,5042,5053,5058,5057)
(10615,28,5009,5020,5031,5037,5043,5054)
(10616,28,5030,5019,5008)
(10617,13,5038,5027,5016,5011,5012,5007,5002)
(10618,13,5056,5057,5052,5047,5048,5043,5032,5021,5010,5004)
(10619,23,5006,5017,5028,5039,5044)
(10620,18,5029,5040,5051)
(10621,2,5040,5029,5018,5012,5011)
(10622,33,5032,5043,5054)
(10623,23,5034,5028,5017,5006,5001)
(10624,33,5007,5018,5029,5040,5051,5057,5058)
(10625,43,5032,5043,5054)
(10626,18,5018,5029,5035,5041,5052)
(10627,23,5057,5052,5047,5048,5043,5032,5021,5010,5004)
(10628,33,5007,5012,5011,5016,5027,5038,5044)
(10629,43,5041,5030,5024,5018,5007,5001,5000)
(10630,37,5041,5030,5019,5008)
(10631,13,5021,5026,5031,5042,5053,5058,5057)
(10632,2,5011,5016,5027,5038,5049,5055,5056,5057,5052)
(10633,18,5028,5034,5035,5041,5047,5048,5054)
(10634,18,5011,5017,5028,5033,5038,5044)
(10635,13,5046,5047,5048,5043,5032,5021,5010,5004)
(10636,23,5028,5017,5006,5000)
(10637,33,5027,5038,5049)
(10638,28,5053,5047,5041,5030,5024,5023,5022,5016)
(10639,43,5041,5030,5024,5018,5007,5001,5000)
(10640,28,5030,5024,5018,5007,5001,5000)
(10641,2,5048,5043,5032,5021,5010)
(10642,23,5031,5025,5024,5018,5007)
(10643,18,5030,5019,5008)
(10644,2,5031,5025,5024,5018,5007)
(10645,7,5038,5027,5016,5011,5012,5013,5014,5015,5010)
(10646,33,5033,5028,5017,5006,5000)
(10647,23,5010,5021,5026,5025,5024,5029,5040,5051,5056,5055)
(10648,7,5038,5027,5016,5011,5012,5013,5014,5009)
(10649,33,5017,5028,5034,5035,5041,5047,5048,5054)
(10650,43,5032,5043,5054)
(10651,43,5012,5018,5029,5035,5041,5052)
(10652,28,5034,5028,5017,5006,5001)
(10653,43,5011,5012,5018,5029,5035,5041,5047,5048,5054,5059)
(10654,7,5028,5017,5006,5000)
(10655,2,5056,5050,5039,5034,5029,5023)
(10656,28,5028,5039,5050)
(10657,37,5048,5047,5041,5030,5019,5014,5009)
(10658,7,5028,5017,5006,5000)
(10659,37,5030,5024,5018,5007,5001,5000)
(10660,43,5005,5011,5012,5018,5029,5035,5041,5047,5048,5054,5059)
(10661,37,5032,5026,5025,5024,5018,5012,5011,5005,5000)
(10662,37,5045,5039,5028,5017,5011,5005,5000)
(10663,43,5028,5017,5006,5000)
(10664,43,5031,5026,5021,5015,5009)
(10665,7,5022,5027,5038,5044,5045,5051)
(10666,23,5048,5043,5032,5021,5015)
(10667,18,5053,5048,5043,5032,5021,5015)
(10668,23,5032,5026,5025,5024,5018,5012,5011,5005,5000)
(10669,2,5019,5030,5041)
(10670,2,5040,5029,5018)
(10671,13,5006,5017,5028,5034,5035,5041,5047,5048,5054)
(10672,7,5048,5047,5041,5030,5024,5018,5007)
(10673,28,5048,5047,5041,5030,5019,5008)
(10674,23,5028,5039,5050,5056,5057)
(10675,28,5032,5043,5054)
(10676,18,5033,5028,5017,5006,5000)
(10677,33,5006,5017,5028,5039,5044)
(10678,37,5020,5031,5042,5053,5058,5057)
(10679,28,5012,5011,5016,5027,5038,5044,5045,5051)
(10680,18,5021,5026,5031,5042,5053,5058,5057)
(10681,7,5028,5017,5006,5000)
(10682,33,5038,5033,5028,5017,5012,5007,5001)
(10683,38,5027,5038,5044,5045,5051)
(10684,28,5009,5020,5031,5036,5041,5052,5058)
(10685,18,5047,5041,5030,5024,5023,5022,5016)
(10686,33,5021,5026,5031,5042,5053,5058,5057)
(10687,13,5027,5033,5039,5050)
(10688,43,5054,5043,5032,5026,5025,5024,5023)
(10689,23,5029,5040,5051)
(10690,2,5054,5048,5047,5041,5030,5024,5018,5012,5011,5016)
(10691,38,5021,5026,5025,5024,5023,5028,5033,5038,5049)
(10692,28,5031,5025,5024,5018,5007,5001,5000)
(10693,7,5019,5025,5026,5032,5043)
(10694,43,5032,5021,5015,5014,5008)
(10695,28,5030,5019,5008)
(10696,33,5013,5019,5030,5041,5047,5048,5054)
(10697,13,5054,5043,5032,5021)
(10698,33,5032,5043,5054)
(10699,2,5030,5041,5047,5048,5054)
(10700,2,5040,5029,5018,5012,5011)
(10701,7,5027,5038,5044,5050,5056,5057,5058)
(10702,8,5010,5021,5026,5025,5024,5029,5040,5051,5057)
(10703,8,5055,5049,5038,5027,5016)
(10704,28,5009,5020,5031,5036,5041,5046,5045,5050)
(10705,13,5037,5031,5025,5024,5018,5007)
(10706,8,5054,5048,5047,5041,5030,5024,5023,5022,5016)
(10707,8,5018,5029,5040,5051,5057,5058)
(10708,13,5020,5031,5037,5043,5054)
(10709,18,5019,5030,5041,5047,5048,5054)
(10710,8,5037,5031,5025,5019,5008,5003)
(10711,43,5043,5032,5021)
(10712,43,5010,5021,5032,5043,5048,5047)
(10713,28,5008,5002,5007,5012,5011,5016,5027,5033,5039,5050)
(10714,13,5031,5036,5041,5052,5058)
(10715,2,5010,5021,5032,5043,5048)
(10716,28,5049,5038,5027,5016,5011,5012,5013,5014)
(10717,43,5031,5037,5043,5054)
(10718,2,5029,5040,5051)
(10719,28,5018,5029,5035,5041,5052)
(10720,13,5031,5037,5043,5054)
(10721,2,5008,5002,5007,5012,5011,5016,5027,5033,5039,5050)
(10722,13,5029,5040,5051,5057,5058)
(10723,18,5053,5047,5041,5030,5024,5018,5012,5011,5016)
(10724,8,5019,5030,5041)
(10725,23,5056,5057,5052,5047,5048,5043,5032,5021,5010,5004)
(10726,28,5021,5026,5031,5036,5041,5046,5045,5050)
(10727,2,5033,5028,5017,5006,5000)
(10728,28,5038,5027,5016,5011,5012,5013,5014,5015,5010)
(10729,38,5041,5030,5024,5023,5017,5012)
(10730,8,5051,5040,5029,5018,5012,5011)
(10731,13,5011,5017,5028,5033,5038,5044)
(10732,13,5029,5035,5041,5047,5048,5054)
(10733,43,5028,5039,5050,5056,5057)
(10734,28,5010,5021,5032,5043)
(10735,18,5030,5041,5047,5048,5054,5059)
(10736,23,5032,5043,5054)
(10737,13,5040,5029,5018,5007,5001,5000)
(10738,43,5033,5028,5017,5006,5000)
(10739,8,5029,5035,5041,5047,5048,5054)
(10740,8,5048,5047,5041,5030,5024,5018,5012)
(10741,8,5031,5026,5021,5015,5009)
(10742,13,5021,5026,5031,5036,5041,5046,5045,5050)
(10743,28,5030,5024,5018,5007)
(10744,33,5013,5019,5030,5041,5047)
(10745,43,5010,5021,5032,5043,5048)
(10746,43,5008,5019,5030,5041,5047)
(10747,23,5007,5013,5019,5030,5041,5047,5042,5037)
(10748,18,5028,5034,5035,5041,5047,5048,5054,5059)
(10749,43,5012,5011,5016,5027,5033,5039,5050)
(10750,2,5029,5040,5051,5057,5058)
(10751,43,5032,5043,5054)
(10752,2,5038,5033,5028,5017,5006,5000)
(10753,43,5010,5021,5026,5025,5024,5029,5040,5051,5056,5050)
(10754,18,5012,5018,5029,5035,5041,5052)
(10755,18,5052,5047,5048,5043,5032,5021,5010,5004)
(10756,18,5041,5030,5024,5023,5017,5012)
(10757,18,5040,5029,5018)
(10758,28,5012,5011,5016,5027,5033,5039,5050)
(10759,28,5010,5021,5032,5043,5054)
(10760,18,5047,5048,5043,5032,5021,5010,5004)
(10761,43,5031,5036,5041,5052,5058)
(10762,18,5009,5020,5031)
(10763,33,5032,5043,5054)
(10764,18,5009,5020,5031,5036,5041,5046)
(10765,33,5000,5005,5016,5027,5033,5039,5050)
(10766,8,5057,5052,5041,5030,5024)
(10767,23,5038,5033,5028,5017,5011)
(10768,13,5019,5030,5041,5052)
(10769,13,5038,5033,5028,5017,5006,5000)
(10770,38,5011,5016,5027,5038,5049)
(10771,18,5020,5031,5042,5053,5058,5057)
(10772,23,5049,5038,5033,5028,5017,5012,5007,5001)
(10773,38,5029,5035,5041,5052)
(10774,23,5006,5017,5028)
(10775,28,5057,5052,5041,5030,5019)
(10776,18,5051,5040,5029,5018)
(10777,33,5021,5026,5025,5024,5023,5028,5033,5038,5049)
(10778,18,5051,5040,5029,5024,5019,5008,5003,5004)
(10779,18,5028,5017,5006,5000)
(10780,28,5011,5012,5018,5024,5030,5041,5052)
(10781,33,5030,5041,5047,5048,5054,5059)
(10782,8,5028,5017,5006,5000)
(10783,2,5006,5017,5028,5039,5045,5046,5041)
(10784,33,5002,5001,5006,5017,5028,5039,5044)
(10785,2,5031,5036,5041,5052,5058)
(10786,33,5057,5056,5050,5039,5028,5017,5012,5007,5001)
(10787,18,5030,5019,5008)
(10788,38,5030,5019,5008)
(10789,38,5056,5050,5039,5028,5017,5012,5007,5001)
(10790,33,5038,5027,5016,5011,5012,5007,5002)
(10791,13,5052,5041,5030,5019,5008,5003,5009)
(10792,28,5052,5047,5048,5043,5032,5021,5010,5004)
(10793,23,5033,5028,5017,5006,5000)
(10794,28,5010,5021,5026,5031,5036,5041,5046)
(10795,13,5049,5038,5033,5028,5017,5012,5007,5001)
(10796,43,5007,5013,5019,5030,5041,5047)
(10797,28,5009,5020,5031,5036,5041,5046,5045,5050)
(10798,18,5049,5038,5033,5028,5017,5012,5013,5008,5002)
(10799,13,5007,5013,5019,5025,5026,5032,5043)
(10800,2,5029,5018,5012,5011,5005,5000)
(10801,33,5030,5024,5018,5007)
(10802,38,5049,5038,5027,5016,5011,5012,5013,5014)
(10803,2,5054,5048,5047,5041,5030,5025)
(10804,28,5054,5043,5032)
(10805,23,5053,5048,5043,5032,5021,5010)
(10806,23,5053,5048,5043,5032,5021,5015,5009)
(10807,33,5032,5043,5054)
(10808,23,5059,5054,5043,5037,5031)
(10809,18,5028,5039,5050,5056,5057)
(10810,28,5039,5034,5029,5024,5019,5008)
(10811,43,5010,5021,5032,5043)
(10812,2,5045,5039,5028,5017,5006,5001)
(10813,18,5000,5006,5017,5028,5034,5035,5041,5047,5048,5054)
(10814,13,5030,5024,5018,5012,5011,5005,5000)
(10815,8,5002,5001,5006,5017,5028,5033,5038,5044)
(10816,18,5012,5013,5019,5025,5026,5032,5043)
(10817,43,5006,5017,5028,5033,5038,5049)
(10818,33,5033,5028,5017,5006,5000)
(10819,38,5008,5019,5030,5041)
(10820,18,5028,5017,5006,5000)
(10821,18,5054,5048,5047,5041,5030,5024,5018,5007,5001,5000)
(10822,23,5050,5039,5028,5017,5012,5007,5001)
(10823,23,5053,5047,5041,5030,5019,5008)
(10824,8,5031,5025,5024,5018,5007)
(10825,38,5032,5043,5054)
(10826,13,5040,5029,5024,5019,5008,5003,5004)
(10827,28,5054,5048,5047,5041,5030,5024,5018,5012,5011,5016)
(10828,18,5041,5030,5019,5008)
(10829,28,5041,5030,5024,5023,5022,5016)
(10830,13,5031,5037,5043,5054)
(10831,19,5010,5021,5032,5043,5054,5059)
(10832,28,5039,5028,5017)
(10833,28,5029,5018,5007,5001,5000)
(10834,2,5056,5057,5052,5047,5048,5043,5032,5021,5010,5004)
(10835,43,5047,5048,5043,5032,5021,5010,5004)
(10836,38,5030,5024,5018,5007)
(10837,2,5054,5048,5047,5041,5030,5019)
(10838,38,5022,5028,5034,5035,5041,5047,5048,5054)
(10839,23,5030,5041,5052)
(10840,28,5005,5016,5027,5033,5039,5050,5056,5051)
(10841,33,5054,5043,5032,5026,5025,5024,5023)
(10842,28,5054,5043,5032,5021,5010)
(10843,33,5050,5039,5034,5029,5023)
(10844,28,5041,5030,5019)
(10845,23,5033,5028,5017,5006,5000)
(10846,23,5021,5026,5025,5024,5029,5040,5051,5057)
(10847,23,5037,5031,5025,5024,5018,5007)
(10848,8,5009,5020,5031,5042,5047,5046,5051,5057)
(10849,38,5011,5016,5027,5033,5039,5050)
(10850,38,5058,5057,5056,5050,5039,5034,5029,5023)
(10851,43,5032,5043,5054)
(10852,2,5016,5027,5038,5044,5045,5051)
(10853,28,5053,5047,5041,5030,5024,5023,5022,5016)
(10854,8,5029,5018,5012,5011,5005,5000)
(10855,13,5050,5056,5057,5052,5047,5048,5043,5032,5021,5010,5004)
(10856,13,5030,5024,5018,5007,5001,5000)
(10857,33,5027,5033,5039,5050)
(10858,38,5037,5031,5025,5024,5018,5007)
(10859,38,5047,5041,5030,5019)
(10860,28,5038,5033,5028,5017,5006,5000)
(10861,43,5057,5056,5050,5039,5028,5017,5012,5007,5001)
(10862,19,5016,5027,5033,5039,5050)
(10863,33,5031,5036,5041,5052,5058)
(10864,28,5040,5029,5018,5007,5001,5000)
(10865,19,5017,5028,5034,5035,5041,5047,5048,5054)
(10866,13,5057,5056,5055,5049,5038,5033,5028,5017,5011,5016)
(10867,3,5039,5034,5029,5024,5019,5008)
(10868,28,5040,5029,5024,5019,5008)
(10869,28,5009,5020,5025,5030,5041,5047,5048)
(10870,19,5005,5011,5017,5028)
(10871,8,5022,5028,5034,5035,5041,5047,5048,5054)
(10872,33,5007,5018,5029,5040,5051,5057,5058)
(10873,23,5012,5011,5016,5027,5033,5039,5050)
(10874,23,5049,5038,5027,5016,5011,5012,5013,5014,5015,5010)
(10875,33,5050,5056,5057,5052,5047,5048,5043,5032,5021,5010,5004)
(10876,8,5029,5040,5051,5057,5058)
(10877,19,5009,5020,5031,5042,5047,5046,5051,5057)
(10878,13,5030,5024,5018,5007,5001,5000)
(10879,13,5032,5021,5010)
(10880,43,5011,5012,5013,5019,5030,5041,5047,5048,5054)
(10881,23,5055,5049,5038,5027,5016,5011,5012,5013,5008,5003,5004)
(10882,33,5018,5029,5040,5051,5057,5052)
(10883,19,5032,5021,5010)
(10884,19,5028,5017,5006,5000)
(10885,33,5010,5021,5032,5043,5048,5047)
(10886,19,5013,5019,5030,5041,5047,5048,5054)
(10887,8,5055,5049,5038,5027,5016)
(10888,19,5022,5027,5038,5044,5045,5051)
(10889,33,5019,5025,5026,5032,5043)
(10890,13,5047,5041,5030,5024,5018,5007,5001,5000)
(10891,43,5002,5007,5018,5029,5040,5051,5057,5058)
(10892,33,5028,5017,5006,5000)
(10893,33,5031,5025,5024,5018,5012,5011,5005,5000)
(10894,13,5031,5025,5024,5018,5012,5011,5005,5000)
(10895,3,5055,5049,5038,5027,5016)
(10896,19,5030,5024,5018,5007)
(10897,43,5052,5041,5030,5024,5018,5007)
(10898,3,5041,5030,5024,5018,5007,5001,5000)
(10899,43,5021,5026,5031,5042,5053,5058,5057)
(10900,28,5005,5011,5017,5028)
(10901,28,5041,5030,5024,5018,5012,5011,5005,5000)
(10902,23,5010,5021,5032,5043,5054,5059)
(10903,3,5000,5005,5016,5027,5038,5049,5055,5056,5057,5052)
(10904,13,5030,5041,5047,5048,5054)
(10905,19,5001,5007,5013,5019,5025,5026,5032,5037)
(10906,28,5037,5031,5025,5019,5008,5003)
(10907,8,5057,5052,5047,5048,5043,5032,5021,5010,5004)
(10908,13,5048,5047,5041,5030,5019,5014)
(10909,8,5029,5040,5051)
(10910,13,5056,5055,5049,5038,5033,5028,5017,5011,5016)
(10911,8,5030,5024,5018,5012,5011,5005,5000)
(10912,33,5007,5013,5019,5025,5026,5032,5037)
(10913,8,5030,5024,5018,5012,5011,5005,5000)
(10914,3,5011,5012,5013,5019,5030,5041,5047)
(10915,23,5020,5031,5036,5041,5046,5045,5050)
(10916,3,5032,5043,5054)
(10917,23,5045,5039,5028,5017,5006,5001)
(10918,23,5030,5019,5008)
(10919,23,5054,5043,5032)
(10920,28,5028,5034,5035,5041,5047,5048,5054,5059)
(10921,3,5053,5048,5043,5032,5021,5015,5009)
(10922,3,5054,5043,5032)
(10923,29,5011,5016,5027,5038,5044,5045,5051)
(10924,29,5041,5030,5024,5023,5017,5012)
(10925,13,5005,5016,5027,5033,5039,5050,5056,5051)
(10926,19,5028,5034,5035,5041,5047,5048,5054)
(10927,23,5007,5012,5011,5016,5027,5038,5049)
(10928,3,5022,5027,5038,5044,5045,5051)
(10929,19,5054,5043,5032,5021,5010)
(10930,33,5047,5041,5030,5024,5018,5012)
(10931,8,5021,5032,5043,5054,5059)
(10932,3,5020,5031,5037,5043,5054)
(10933,8,5037,5031,5025,5024,5018,5007)
(10934,38,5047,5041,5030,5024,5018,5007,5001,5000)
(10935,29,5011,5012,5018,5024,5030,5041,5052)
(10936,29,5032,5043,5054)
(10937,8,5032,5021,5015,5014,5008)
(10938,33,5056,5057,5052,5047,5048,5043,5032,5021,5010,5004)
(10939,8,5002,5001,5006,5017,5028,5033,5038,5049)
(10940,33,5054,5048,5047,5041,5030,5024,5018,5012,5011,5016)
(10941,34,5054,5048,5047,5041,5030,5024,5023,5022,5016)
(10942,23,5056,5057,5052,5041,5030,5019)
(10943,38,5047,5041,5030,5024,5018,5012,5011,5005,5000)
(10944,29,5057,5052,5047,5048,5043,5032,5021,5010,5004)
(10945,38,5049,5038,5027,5016,5011,5012,5007,5002)
(10946,23,5028,5017,5006,5000)
(10947,29,5034,5028,5017,5006,5001)
(10948,38,5029,5018,5012,5011,5005,5000)
(10949,24,5040,5029,5018,5012,5011)
(10950,8,5031,5025,5024,5018,5012,5011,5005,5000)
(10951,43,5044,5038,5027,5016,5011,5012,5013,5008,5003,5004)
(10952,8,5011,5012,5013,5019,5030,5041,5047,5048,5054)
(10953,19,5037,5031,5025,5019,5008,5003)
(10954,8,5021,5026,5031,5036,5041,5046,5045,5050)
(10955,8,5048,5047,5041,5030,5019,5014)
(10956,43,5053,5048,5043,5032,5021,5015,5009)
(10957,34,5010,5021,5026,5025,5024,5029,5040,5051,5057)
(10958,8,5010,5021,5032,5043,5048,5047)
(10959,8,5057,5052,5047,5048,5043,5032,5021,5010,5004)
(10960,38,5044,5038,5027,5016,5011,5012,5013,5008,5003,5004)
(10961,29,5055,5049,5038,5033,5028,5017,5011,5016)
(10962,34,5040,5029,5024,5019,5008)
(10963,43,5028,5034,5035,5041,5047,5048,5054,5059)
(10964,24,5000,5005,5016,5027,5033,5039,5050)
(10965,38,5011,5012,5018,5029,5035,5041,5047,5048,5054,5059)
(10966,19,5050,5056,5057,5052,5047,5048,5043,5032,5021,5010,5004)
(10967,38,5041,5030,5024,5023,5017,5012)
(10968,38,5048,5047,5041,5030,5019,5014)
(10969,43,5019,5030,5041,5047,5048,5054)
(10970,24,5007,5013,5019,5030,5041,5047)
(10971,44,5030,5041,5047,5048,5054,5059)
(10972,44,5010,5021,5026,5025,5024,5029,5040,5051,5056,5055)
(10973,3,5028,5034,5035,5041,5047,5048,5054,5059)
(10974,19,5008,5019,5030)
(10975,8,5028,5017,5006,5000)
(10976,19,5043,5032,5021,5010)
(10977,29,5008,5002,5007,5018,5029,5040,5051,5057,5058)
(10978,44,5021,5026,5025,5024,5023,5028,5033,5038,5049)
(10979,8,5053,5047,5041,5030,5024,5018,5012)
(10980,29,5033,5028,5017,5006,5000)
(10981,3,5033,5028,5017,5006,5000)
(10982,8,5051,5040,5029,5018,5012,5011)
(10983,13,5029,5018,5012,5011,5005,5000)
(10984,44,5054,5043,5032)
(10985,24,5044,5038,5027,5016,5011,5012,5013,5008,5003,5004)
(10986,29,5047,5041,5030,5024,5018,5007)
(10987,24,5033,5028,5017,5006,5000)
(10988,29,5050,5039,5028,5017)
(10989,3,5012,5011,5016,5027,5038,5044,5045,5051)
(10990,38,5011,5012,5013,5019,5025,5026,5032,5043)
(10991,24,5053,5048,5043,5032,5021,5015,5009)
(10992,8,5003,5002,5007,5012,5011,5016,5027,5038,5049)
(10993,19,5031,5036,5041,5052,5058)
(10994,8,5049,5038,5033,5028,5017,5006,5000)
(10995,13,5054,5043,5032,5026,5025,5024,5023)
(10996,19,5032,5021,5015,5014,5008)
(10997,24,5041,5030,5024,5023,5017,5012)
(10998,8,5007,5013,5019,5030)
(10999,44,5037,5031,5025,5024,5018,5007)
(11000,13,5013,5019,5025,5026,5032,5043)
(11001,3,5040,5029,5024,5019,5008,5003,5004)
(11002,44,5022,5028,5034,5035,5041,5047,5048,5054)
(11003,38,5028,5039,5050,5056,5057)
(11004,13,5008,5019,5030,5041,5047,5042,5037)
(11005,19,5038,5027,5016,5011,5012,5013,5014,5009)
(11006,8,5054,5048,5047,5041,5030,5019,5008)
(11007,3,5027,5033,5039,5050)
(11008,44,5031,5037,5043,5054)
(11009,13,5032,5043,5054)
(11010,34,5047,5041,5030,5024,5023,5022,5016)
(11011,3,5050,5039,5028,5017,5012,5013,5008,5002)
(11012,3,5049,5038,5027,5016,5011,5012,5013,5014,5009)
(11013,8,5048,5047,5041,5030,5024,5018,5012,5011,5005,5000)
(11014,29,5008,5019,5030,5041,5052,5057)
(11015,29,5051,5040,5029,5018,5007,5001,5000)
(11016,44,5047,5041,5030,5024,5023,5017,5012)
(11017,8,5001,5007,5013,5019,5030,5041,5047)
(11018,34,5031,5025,5024,5018,5012,5011,5005,5000)
(11019,24,5029,5018,5012,5011,5005,5000)
(11020,13,5030,5024,5018,5012,5011,5005,5000)
(11021,38,5008,5002,5007,5012,5011,5016,5027,5033,5039,5050)
(11022,3,5032,5021,5015,5014,5008)
(11023,13,5028,5034,5035,5041,5047,5048,5054,5059)
(11024,8,5031,5037,5043,5054)
(11025,8,5019,5024,5023,5028,5033,5038,5049)
(11026,29,5011,5016,5027,5038,5049)
(11027,19,5000,5006,5017,5028,5034,5035,5041,5047,5048,5054)
(11028,3,5032,5043,5054)
(11029,34,5053,5047,5041,5030,5024,5018,5012)
(11030,3,5010,5021,5032,5043)
(11031,8,5057,5052,5041,5030,5019,5008)
(11032,13,5007,5018,5029,5035,5041,5052)
(11033,14,5028,5034,5035,5041,5047,5048,5054)
(11034,3,5050,5039,5028,5017,5012,5013,5008,5002)
(11035,19,5053,5047,5046,5040,5029)
(11036,34,5029,5018,5012,5011,5005,5000)
(11037,3,5031,5025,5024,5018,5007)
(11038,34,5010,5021,5026,5031,5036,5041,5046,5045,5050)
(11039,14,5055,5049,5038,5027,5016,5011,5012,5013,5008,5003,5004)
(11040,34,5048,5043,5032,5021,5015)
(11041,19,5031,5036,5041,5052,5058)
(11042,14,5049,5038,5033,5028,5017,5011)
(11043,9,5010,5021,5026,5025,5024,5029,5040,5051,5056,5050)
(11044,24,5030,5041,5047,5048,5054,5059)
(11045,14,5028,5017,5006,5000)
(11046,24,5031,5036,5041,5052,5058)
(11047,24,5032,5043,5054)
(11048,3,5005,5011,5017,5028)
(11049,38,5050,5039,5028,5017,5012,5007,5001)
(11050,38,5057,5052,5041,5030,5019,5014,5015)
(11051,9,5029,5018,5012,5011,5005,5000)
(11052,9,5007,5013,5019,5030,5041,5047,5042,5037)
(11053,3,5030,5041,5047,5048,5054,5059)
(11054,9,5019,5025,5026,5032,5043)
(11055,34,5007,5013,5019,5030,5041,5047,5048,5054)
(11056,44,5049,5038,5027,5016,5011,5012,5013,5014,5020,5026,5021)
(11057,34,5028,5017,5012,5007,5001)
(11058,34,5030,5041,5047,5048,5054)
(11059,24,5031,5037,5043,5054)
(11060,38,5005,5011,5012,5018,5024,5030,5041)
(11061,29,5005,5016,5027,5038,5049)
(11062,3,5005,5011,5012,5018,5029,5035,5041,5047,5048,5054,5059)
(11063,3,5018,5029,5040,5051,5057,5058)
(11064,24,5019,5030,5041)
(11065,38,5040,5029,5018,5007,5001,5000)
(11066,44,5030,5024,5018,5012,5011,5005,5000)
(11067,44,5054,5048,5047,5041,5030,5019,5014,5009)
(11068,29,5019,5030,5041,5047,5048,5054)
(11069,24,5045,5039,5028,5017,5006,5001)
(11070,3,5033,5028,5017,5006,5000)
(11071,29,5010,5021,5032,5043,5048,5047)
(11072,24,5039,5028,5017,5012,5013,5008,5002)
(11073,19,5043,5032,5021,5010)
(11074,44,5041,5030,5019,5008)
(11075,9,5050,5039,5034,5029,5023)
(11076,34,5039,5034,5029,5024,5019,5008)
(11077,14,5038,5027,5016,5011,5012,5007,5002)
(11078,24,5033,5028,5017,5006,5000)
(11079,3,5040,5029,5024,5019,5008)
(11080,44,5009,5020,5031,5036,5041,5046)
(11081,19,5048,5047,5041,5030,5024,5018,5007)
(11082,9,5027,5038,5049,5055,5056,5057)
(11083,3,5019,5030,5041)
(11084,38,5040,5029,5024,5019,5008,5003,5004)
(11085,24,5039,5034,5029,5024,5019,5008)
(11086,38,5044,5038,5027,5016)
(11087,24,5037,5031,5025,5024,5018,5007)
(11088,19,5053,5048,5043,5032,5021,5010)
(11089,14,5038,5033,5028,5017,5006,5000)
(11090,14,5000,5005,5016,5027,5033,5039,5050)
(11091,19,5028,5017,5006,5000)
(11092,3,5031,5025,5024,5018,5012,5011,5005,5000)
(11093,19,5020,5031,5042,5047,5046,5051,5057)
(11094,38,5054,5048,5047,5041,5030,5025)
(11095,19,5032,5021,5015,5014,5008)
(11096,14,5033,5028,5017,5006,5000)
(11097,24,5045,5039,5028,5017,5006,5001)
(11098,3,5011,5017,5028,5033,5038,5044)
(11099,3,5039,5028,5017,5012,5007,5001)
(11100,24,5033,5028,5017,5006,5000)
(11101,29,5027,5038,5049,5055,5056,5057)
(11102,29,5049,5038,5033,5028,5017,5012,5013,5008,5002)
(11103,9,5011,5012,5018,5029,5035,5041,5047,5048,5054,5059)
(11104,9,5007,5013,5019,5030,5041,5047)
(11105,24,5056,5050,5039,5028,5017,5012,5007,5001)
(11106,29,5021,5032,5043)
(11107,3,5028,5034,5035,5041,5047,5048,5054)
(11108,14,5027,5038,5049)
(11109,3,5031,5025,5024,5018,5012,5011,5005,5000)
(11110,19,5047,5041,5030,5024,5023,5017,5012)
(11111,14,5027,5038,5044,5050,5056,5057,5058)
(11112,3,5047,5041,5030,5019)
(11113,3,5028,5017,5012,5007,5001)
(11114,19,5046,5047,5048,5043,5032,5021,5010,5004)
(11115,19,5045,5039,5028,5017,5006,5001)
(11116,9,5038,5027,5016,5011,5012,5007,5002)
(11117,19,5049,5038,5033,5028,5017,5011)
(11118,3,5027,5038,5049)
(11119,38,5032,5043,5054)
(11120,19,5038,5033,5028,5017,5012,5007,5001)
(11121,44,5010,5021,5032,5043)
(11122,19,5058,5057,5056,5050,5039,5034,5029,5023)
(11123,3,5041,5030,5019,5008,5003,5004)
(11124,38,5028,5034,5035,5041,5047,5048,5054,5059)
(11125,34,5030,5024,5018,5007)
(11126,34,5020,5031,5042,5053,5058,5057)
(11127,19,5029,5040,5051,5057,5058)
(11128,34,5021,5032,5043)
(11129,38,5002,5001,5006,5017,5028,5033,5038,5044)
(11130,34,5057,5052,5041,5030,5024)
(11131,14,5013,5019,5030,5041,5047)
(11132,3,5054,5043,5032,5026,5025,5024,5018,5012,5011,5005,5000)
(11133,3,5011,5012,5018,5029,5035,5041,5047,5048,5054,5059)
(11134,38,5027,5038,5044,5045,5051)
(11135,9,5050,5056,5057,5052,5047,5048,5043,5032,5021,5010,5004)
(11136,3,5053,5047,5041,5030,5024,5018,5012,5011,5016)
(11137,19,5033,5028,5017,5006,5000)
(11138,44,5038,5027,5016,5011,5012,5013,5014,5015,5010)
(11139,34,5030,5019,5008)
(11140,3,5033,5028,5017,5006,5000)
(11141,44,5029,5040,5051)
(11142,34,5041,5030,5024,5018,5012)
(11143,38,5008,5019,5030,5041,5047,5042,5037)
(11144,3,5028,5034,5035,5041,5047,5048,5054,5059)
(11145,9,5048,5047,5041,5030,5024,5023,5022,5016)
(11146,34,5041,5030,5024,5023,5022,5016)
(11147,29,5029,5018,5012,5011,5005,5000)
(11148,9,5033,5028,5017,5006,5000)
(11149,3,5003,5002,5007,5012,5011,5016,5027,5038,5044)
(11150,29,5038,5033,5028,5017,5006,5000)
(11151,34,5037,5031,5025,5024,5018,5007)
(11152,38,5031,5036,5041,5052,5058)
(11153,29,5054,5043,5032,5026,5025)
(11154,3,5019,5030,5041,5052)
(11155,4,5037,5031,5025,5024,5018,5007,5001,5000)
(11156,38,5020,5026,5032,5043,5048)
(11157,34,5021,5026,5025,5024,5029,5040,5051,5057)
(11158,14,5031,5036,5041,5052,5058)
(11159,24,5047,5041,5030,5024,5023,5022,5016)
(11160,19,5041,5030,5024,5023,5017,5012)
(11161,14,5028,5017,5012,5007,5001)
(11162,38,5045,5039,5028,5017)
(11163,14,5011,5016,5027,5038,5049,5055,5056,5057,5052)
(11164,9,5001,5006,5017,5028,5034)
(11165,38,5030,5019,5008)
(11166,29,5053,5047,5041,5030)
(11167,19,5057,5052,5041,5030,5019)
(11168,9,5012,5018,5029,5040)
(11169,38,5039,5028,5017,5012,5013,5008,5002)
(11170,9,5033,5028,5017,5006,5000)
(11171,19,5054,5043,5032)
(11172,29,5011,5012,5013,5019,5025,5026,5032,5043)
(11173,4,5030,5024,5018,5007,5001,5000)
(11174,9,5040,5029,5018)
(11175,4,5007,5012,5011,5016,5027,5038,5044)
(11176,38,5038,5027,5016,5011,5012,5013,5014,5009)
(11177,4,5020,5031,5042,5047,5046,5051,5057)
(11178,19,5033,5028,5017,5006,5000)
(11179,44,5038,5033,5028,5017,5012,5007,5001)
(11180,19,5033,5028,5017,5006,5000)
(11181,29,5027,5038,5049,5055,5056,5057)
(11182,24,5053,5047,5041,5030,5024,5023,5022,5016)
(11183,44,5030,5024,5018,5007)
(11184,34,5020,5031,5042,5053,5058,5057)
(11185,24,5012,5013,5019,5030,5041,5047)
(11186,44,5047,5041,5030,5024,5018,5012)
(11187,9,5010,5021,5026,5025,5024,5029,5040,5051,5056,5055)
(11188,39,5047,5041,5030,5024,5018,5012,5011,5005,5000)
(11189,39,5038,5027,5016,5011,5012,5007,5002)
(11190,14,5028,5017,5006,5000)
(11191,4,5019,5024,5023,5028,5033,5038,5049)
(11192,39,5000,5005,5016,5027,5033,5039,5050)
(11193,34,5049,5038,5027,5016,5011,5012,5013,5014,5020,5026,5021)
(11194,9,5018,5029,5040,5051,5057,5058)
(11195,19,5029,5018,5012,5011,5005,5000)
(11196,29,5010,5021,5026,5031,5042,5053,5058,5057)
(11197,19,5049,5038,5033,5028,5017,5012,5007,5001)
(11198,19,5049,5038,5033,5028,5017,5012,5013,5008,5002)
(11199,24,5011,5012,5013,5019,5025,5026,5032,5043)
(11200,4,5020,5031,5042,5053,5058,5057)
(11201,39,5041,5030,5024,5018,5012)
(11202,44,5040,5029,5018,5012,5011)
(11203,24,5032,5043,5054)
(11204,34,5057,5052,5041,5030,5019)
(11205,44,5055,5049,5038,5033,5028,5017,5011,5016)
(11206,20,5032,5043,5054)
(11207,4,5053,5047,5046,5040,5029)
(11208,29,5029,5040,5051,5057,5058)
(11209,29,5016,5027,5033,5039,5050)
(11210,24,5007,5012,5011,5016,5027,5038,5049)
(11211,14,5032,5043,5054)
(11212,20,5040,5029,5024,5019,5008)
(11213,9,5007,5018,5029,5040)
(11214,20,5054,5048,5047,5041,5030,5024,5018,5012,5011,5016)
(11215,9,5050,5056,5057,5052,5047,5048,5043,5032,5021,5010,5004)
(11216,20,5001,5006,5017,5028,5034)
(11217,20,5019,5030,5041,5047)
(11218,14,5007,5012,5017,5028,5039,5044)
(11219,29,5002,5001,5006,5017,5028,5033,5038,5049)
(11220,29,5037,5031,5025,5024,5018,5007,5001,5000)
(11221,14,5021,5026,5031,5036,5041,5046,5045,5050)
(11222,24,5028,5034,5035,5041,5047,5048,5054)
(11223,4,5009,5020,5031,5037,5043,5054)
(11224,20,5019,5030,5041,5052,5057)
(11225,4,5031,5036,5041,5052,5058)
(11226,29,5032,5043,5054)
(11227,29,5027,5033,5039,5050)
(11228,9,5012,5011,5016,5027,5033,5039,5050)
(11229,20,5032,5026,5025,5024,5018,5012,5011,5005,5000)
(11230,14,5044,5038,5027,5016,5005)
(11231,44,5008,5019,5025,5026,5032,5043)
(11232,34,5030,5019,5008)
(11233,44,5032,5043,5054)
(11234,34,5010,5021,5026,5031,5036,5041,5046)
(11235,29,5052,5041,5030,5024,5018,5007,5001,5000)
(11236,34,5008,5019,5030,5041,5052,5057)
(11237,44,5007,5018,5029,5040,5051,5057,5058)
(11238,44,5047,5041,5030,5024,5018,5012,5011,5005,5000)
(11239,20,5022,5027,5038,5044,5045,5051)
(11240,29,5019,5030,5041,5052,5057)
(11241,20,5051,5040,5029,5018,5007,5001,5000)
(11242,29,5020,5031,5042,5047,5046,5051,5057)
(11243,24,5047,5041,5030,5024,5023,5017,5012)
(11244,39,5001,5007,5018,5029,5035,5041,5047,5048,5054,5059)
(11245,20,5054,5043,5032,5026,5025)
(11246,20,5051,5040,5029,5024,5019,5008,5003,5004)
(11247,20,5028,5017,5012,5007,5001)
(11248,44,5030,5041,5052)
(11249,20,5028,5017,5012,5007,5001)
(11250,20,5032,5043,5054)
(11251,44,5003,5002,5007,5012,5017,5028,5039,5044)
(11252,24,5010,5021,5026,5025,5024,5029,5040,5051,5056,5050)
(11253,29,5001,5007,5018,5029,5035,5041,5047,5048,5054,5059)
(11254,24,5007,5013,5019,5030,5041,5047,5048,5054)
(11255,29,5008,5019,5030,5041)
(11256,34,5031,5025,5019,5008)
(11257,44,5011,5012,5013,5019,5025,5026,5032,5043)
(11258,14,5049,5038,5027,5016,5011,5012,5013,5014,5009)
(11259,14,5038,5027,5016,5011,5012,5013,5014,5015,5010)
(11260,44,5032,5043,5054)
(11261,4,5022,5027,5038,5044,5045,5051)
(11262,44,5001,5007,5018,5029,5035,5041,5047,5048,5054,5059)
(11263,20,5021,5032,5043,5054)
(11264,44,5028,5017,5006,5000)
(11265,29,5030,5041,5047,5048,5054,5059)
(11266,9,5002,5007,5018,5029,5040,5051,5057,5058)
(11267,20,5054,5043,5032,5026,5025)
(11268,20,5002,5007,5018,5029,5040,5051,5057,5058)
(11269,39,5030,5019,5008)
(11270,39,5040,5029,5018,5012,5011)
(11271,4,5030,5019,5008)
(11272,29,5031,5037,5043,5054)
(11273,14,5007,5013,5019,5030,5041,5047,5042,5037)
(11274,9,5005,5016,5027,5038,5044,5045,5051)
(11275,4,5033,5028,5017,5006,5000)
(11276,14,5030,5041,5047,5048,5054,5059)
(11277,34,5030,5019,5008)
(11278,29,5033,5028,5017,5006,5000)
(11279,29,5052,5046,5040,5029)
(11280,39,5047,5041,5030,5024,5018,5012,5011,5005,5000)
(11281,24,5028,5039,5050,5056,5057)
(11282,24,5017,5028,5034,5035,5041,5047,5048,5054)
(11283,29,5012,5018,5029,5035,5041,5052)
(11284,39,5039,5028,5017)
(11285,29,5048,5043,5032,5021,5010)
(11286,4,5038,5027,5016,5011,5012,5013,5014,5015,5010)
(11287,4,5030,5041,5052)
(11288,34,5001,5007,5013,5019,5025,5026,5032,5043)
(11289,20,5038,5033,5028,5017,5012,5007,5001)
(11290,29,5008,5019,5030,5041,5052,5057)
(11291,39,5021,5032,5043,5054,5059)
(11292,34,5048,5047,5041,5030,5019,5008)
(11293,44,5030,5024,5018,5007)
(11294,4,5005,5011,5012,5018,5024,5030,5041,5052)
(11295,9,5032,5043,5054)
(11296,4,5049,5038,5033,5028,5017,5012,5007,5001)
(11297,30,5008,5019,5030,5041,5047,5048,5054)
(11298,14,5027,5038,5049)
(11299,39,5032,5021,5015,5014,5008)
(11300,9,5020,5025,5024,5029,5040,5051,5056,5055)
(11301,9,5051,5040,5029,5018,5012,5011)
(11302,14,5009,5020,5026,5032)
(11303,34,5028,5017,5012,5007,5001)
(11304,34,5009,5020,5031,5036,5041,5046,5045,5050)
(11305,39,5019,5030,5041,5047,5048,5054)
(11306,14,5049,5038,5027,5016,5011,5012,5013,5014,5020,5026,5021)
(11307,14,5048,5047,5041,5030,5019,5008)
(11308,44,5052,5041,5030,5019,5008,5003,5009)
(11309,44,5018,5029,5040,5051,5057,5052)
(11310,14,5011,5012,5013,5019,5025,5026,5032,5043)
(11311,34,5031,5025,5024,5018,5007)
(11312,24,5052,5041,5030)
(11313,4,5028,5017,5006,5000)
(11314,34,5021,5032,5043,5054,5059)
(11315,30,5029,5018,5007,5001,5000)
(11316,4,5020,5031,5037,5043,5054)
(11317,44,5008,5019,5030,5041,5047)
(11318,44,5021,5032,5043,5054,5059)
(11319,14,5032,5043,5054)
(11320,24,5019,5030,5041,5047)
(11321,14,5021,5032,5043,5054)
(11322,30,5056,5057,5052,5041,5030,5019,5014,5015)
(11323,30,5010,5021,5026,5031,5036,5041,5046,5045,5050)
(11324,34,5051,5040,5029,5018,5007)
(11325,44,5046,5047,5048,5043,5032,5021,5010,5004)
(11326,20,5053,5047,5041,5030,5024,5023,5017,5012)
(11327,4,5054,5043,5032,5021)
(11328,9,5002,5001,5006,5017,5028,5033,5038,5044)
(11329,44,5027,5033,5039,5050)
(11330,39,5031,5036,5041,5052,5058)
(11331,39,5034,5028,5017,5006,5001)
(11332,9,5053,5048,5043,5032,5021,5015)
(11333,24,5047,5041,5030,5024,5018,5012,5011,5005,5000)
(11334,44,5029,5035,5041,5052)
(11335,39,5033,5028,5017,5006,5000)
(11336,14,5011,5012,5018,5024,5030,5041,5052)
(11337,14,5049,5038,5033,5028,5017,5012,5007,5001)
(11338,44,5032,5043,5054)
(11339,9,5027,5038,5044,5050,5056,5057,5058)
(11340,14,5053,5048,5043,5032,5021,5015,5009)
(11341,39,5057,5056,5055,5049,5038,5033,5028,5017,5011,5016)
(11342,20,5054,5048,5047,5041,5030,5019,5014)
(11343,4,5038,5033,5028,5017,5012,5007,5001)
(11344,4,5013,5019,5025,5026,5032,5043)
(11345,44,5006,5011,5016,5027,5038,5044,5045,5051)
(11346,30,5031,5025,5024,5018,5012,5011,5005,5000)
(11347,34,5002,5001,5006,5017,5028,5039,5044)
(11348,14,5010,5021,5026,5031,5042,5053,5058,5057)
(11349,34,5029,5035,5041,5047,5048,5054)
(11350,34,5030,5019,5008)
(11351,4,5052,5041,5030,5024,5023,5022,5016)
(11352,30,5022,5028,5034,5035,5041,5047,5048,5054)
(11353,4,5007,5018,5029,5035,5041,5052)
(11354,24,5001,5007,5013,5019,5025,5026,5032,5043)
(11355,9,5053,5047,5041,5030,5024,5018,5012,5011,5016)
(11356,4,5005,5011,5012,5018,5029)
(11357,14,5057,5052,5047,5048,5043,5032,5021,5010,5004)
(11358,34,5005,5011,5012,5018,5029)
(11359,4,5027,5038,5044,5045,5051)
(11360,39,5006,5017,5028,5039,5044)
(11361,34,5010,5021,5032)
(11362,20,5054,5048,5047,5041,5030,5025)
(11363,39,5028,5017,5012,5007,5001)
(11364,14,5030,5024,5018,5007)
(11365,9,5003,5002,5007,5012,5017,5028,5039,5044)
(11366,14,5056,5057,5052,5047,5048,5043,5032,5021,5010,5004)
(11367,24,5031,5037,5043,5054)
(11368,34,5018,5029,5040)
(11369,30,5039,5028,5017)
(11370,44,5021,5026,5031,5042,5053,5058,5057)
(11371,4,5008,5019,5030,5041)
(11372,20,5049,5038,5027,5016,5011,5012,5013,5014,5015,5010)
(11373,44,5031,5025,5024,5018,5007,5001,5000)
(11374,39,5057,5052,5041,5030,5019,5008,5003,5009)
(11375,4,5051,5040,5029,5018,5007)
(11376,9,5053,5047,5041,5030,5019)
(11377,44,5030,5024,5018,5007)
(11378,14,5031,5037,5043,5054)
(11379,14,5020,5026,5032,5043,5048)
(11380,4,5057,5056,5055,5049,5038,5033,5028,5017,5011,5016)
(11381,9,5052,5041,5030,5024,5023,5022,5016)
(11382,14,5038,5033,5028,5017,5011)
(11383,14,5012,5013,5019,5025,5026,5032,5043)
(11384,34,5030,5019,5008)
(11385,39,5007,5013,5019,5030)
(11386,30,5030,5019,5008)
(11387,30,5028,5017,5012,5007,5001)
(11388,44,5020,5026,5032,5043,5048)
(11389,45,5037,5031,5025,5024,5018,5007)
(11390,4,5031,5036,5041,5052,5058)
(11391,14,5044,5038,5027,5016,5005)
(11392,9,5048,5047,5041,5030,5024,5018,5007)
(11393,4,5050,5039,5028,5017,5012,5007,5001)
(11394,30,5031,5037,5043,5054)
(11395,20,5031,5036,5041,5052,5058)
(11396,34,5041,5030,5019)
(11397,35,5037,5031,5025,5024,5018,5007)
(11398,14,5053,5047,5046,5040,5029)
(11399,9,5052,5041,5030,5019,5008,5003,5004)
(11400,39,5011,5012,5013,5019,5030,5041,5047)
(11401,35,5029,5018,5007,5001,5000)
(11402,30,5002,5007,5018,5029,5040)
(11403,4,5032,5021,5015,5014,5008)
(11404,45,5007,5012,5011,5016,5027,5033,5039,5050)
(11405,20,5037,5031,5025,5024,5018,5007,5001,5000)
(11406,4,5006,5017,5028)
(11407,35,5033,5028,5017,5006,5000)
(11408,39,5047,5041,5030,5024,5023,5022,5016)
(11409,4,5016,5027,5033,5039,5050,5056,5051)
(11410,9,5003,5002,5007,5012,5011,5016,5027,5038,5049)
(11411,9,5009,5020,5031,5036,5041,5052,5058)
(11412,30,5047,5041,5030,5024,5023,5022,5016)
(11413,14,5053,5047,5041,5030,5024,5018,5007,5001,5000)
(11414,4,5021,5032,5043,5054)
(11415,14,5021,5026,5025,5024,5029,5040,5051,5057)
(11416,9,5038,5033,5028,5017,5012,5007,5001)
(11417,39,5012,5011,5016,5027,5038,5044,5045,5051)
(11418,15,5011,5016,5027,5038,5044,5045,5051)
(11419,15,5039,5028,5017,5012,5013,5008,5002)
(11420,24,5052,5041,5030)
(11421,45,5057,5052,5041,5030,5019,5014,5015)
(11422,9,5031,5025,5024,5018,5007,5001,5000)
(11423,35,5019,5030,5041,5052,5057)
(11424,39,5027,5033,5039,5050)
(11425,4,5029,5035,5041,5052)
(11426,35,5032,5021,5015,5014,5008)
(11427,20,5021,5032,5043,5054)
(11428,15,5031,5025,5024,5018,5007)
(11429,45,5009,5020,5031)
(11430,24,5029,5018,5012,5011,5005,5000)
(11431,35,5020,5031,5042,5053,5058,5057)
(11432,39,5047,5041,5030,5019,5008)
(11433,9,5043,5032,5021,5010)
(11434,45,5048,5047,5041,5030,5024,5023,5017,5012)
(11435,39,5039,5034,5029,5024,5019,5008)
(11436,9,5051,5040,5029,5024,5019,5008,5003,5004)
(11437,9,5031,5037,5043,5054)
(11438,45,5019,5024,5023,5028,5033,5038,5049)
(11439,30,5010,5021,5032,5043,5054)
(11440,15,5032,5021,5010)
(11441,15,5001,5007,5013,5019,5025,5026,5032,5037)
(11442,35,5032,5021,5015,5014,5008)
(11443,30,5047,5041,5030,5024,5018,5007)
(11444,45,5019,5030,5041,5047,5048,5054)
(11445,9,5048,5047,5041,5030,5019)
(11446,15,5028,5017,5006,5000)
(11447,15,5051,5040,5029,5018)
(11448,20,5018,5029,5040,5051,5057,5052)
(11449,39,5029,5018,5012,5011,5005,5000)
(11450,30,5003,5002,5007,5012,5017,5028,5039,5044)
(11451,4,5032,5043,5054)
(11452,4,5032,5021,5010)
(11453,24,5031,5025,5024,5018,5012,5011,5005,5000)
(11454,15,5047,5041,5030,5024,5018,5012)
(11455,24,5027,5038,5049)
(11456,39,5052,5041,5030,5024,5018,5007)
(11457,39,5048,5047,5041,5030,5019,5014,5009)
(11458,45,5010,5021,5032,5043,5048,5047)
(11459,39,5005,5011,5012,5013,5019,5025,5026,5032,5037)
(11460,30,5007,5012,5017,5028,5039,5044)
(11461,35,5030,5024,5018,5007)
(11462,45,5052,5041,5030)
(11463,4,5021,5032,5043,5054,5059)
(11464,30,5048,5047,5041,5030,5024,5018,5007,5001,5000)
(11465,35,5041,5030,5019,5008)
(11466,15,5010,5021,5032,5043)
(11467,39,5008,5002,5007,5018,5029,5040,5051,5057,5058)
(11468,20,5020,5025,5024,5029,5040,5051,5056,5055)
(11469,9,5049,5038,5033,5028,5017,5006,5000)
(11470,20,5030,5019,5008)
(11471,4,5030,5041,5047,5048,5054,5059)
(11472,4,5048,5047,5041,5030,5019)
(11473,45,5003,5002,5007,5012,5011,5016,5027,5038,5044)
(11474,4,5028,5017,5012,5007,5001)
(11475,24,5017,5028,5034,5035,5041,5047,5048,5054)
(11476,9,5020,5025,5030,5041,5047,5048)
(11477,39,5030,5041,5052)
(11478,30,5041,5030,5024,5023,5022,5016)
(11479,39,5002,5007,5012,5011,5016,5027,5033,5039,5050)
(11480,4,5029,5040,5051,5057,5058)
(11481,20,5033,5028,5017,5006,5000)
(11482,30,5011,5012,5018,5024,5030,5041)
(11483,24,5054,5048,5047,5041,5030,5024,5023,5017,5012)
(11484,4,5032,5043,5054)
(11485,39,5033,5028,5017,5006,5000)
(11486,4,5050,5039,5028,5017,5006,5001,5007)
(11487,39,5007,5018,5029,5040)
(11488,10,5019,5030,5041,5047,5048,5054)
(11489,35,5032,5043,5054)
(11490,4,5011,5016,5027,5038,5044,5045,5051)
(11491,24,5019,5030,5041,5052)
(11492,5,5016,5027,5033,5039,5050,5056,5051)
(11493,15,5027,5038,5044,5045,5051)
(11494,20,5038,5027,5016,5011,5012,5013,5014,5015,5010)
(11495,35,5048,5047,5041,5030,5024,5018,5012,5011,5005,5000)
(11496,15,5028,5017,5012,5007,5001)
(11497,25,5001,5007,5013,5019,5025,5026,5032,5043)
(11498,10,5031,5025,5024,5018,5007,5001,5000)
(11499,15,5007,5013,5019,5025,5026,5032,5037)
(11500,15,5010,5021,5032)
(11501,15,5037,5031,5025,5024,5018,5007,5001,5000)
(11502,39,5057,5056,5055,5049,5038,5033,5028,5017,5011,5016)
(11503,10,5030,5024,5018,5007)
(11504,15,5055,5049,5038,5027,5016,5011,5012,5013,5008,5003,5004)
(11505,25,5055,5049,5038,5027,5016)
(11506,30,5029,5018,5007,5001,5000)
(11507,45,5038,5033,5028,5017,5012,5013,5008,5002)
(11508,35,5028,5017,5012,5007,5001)
(11509,30,5038,5033,5028,5017,5012,5007,5001)
(11510,25,5030,5041,5047,5048,5054,5059)
(11511,20,5033,5028,5017,5006,5000)
(11512,45,5039,5028,5017)
(11513,5,5031,5025,5024,5018,5012,5011,5005,5000)
(11514,25,5040,5029,5024,5019,5008)
(11515,5,5005,5011,5012,5018,5029)
(11516,5,5003,5002,5007,5012,5017,5028,5039,5044)
(11517,20,5033,5028,5017,5006,5000)
(11518,30,5030,5041,5052)
(11519,25,5043,5032,5021,5010)
(11520,25,5049,5038,5027,5016,5011,5012,5013)
(11521,10,5049,5038,5027,5016,5011,5012,5013)
(11522,10,5038,5027,5016,5011,5012,5013,5014,5015,5010)
(11523,10,5030,5041,5052)
(11524,39,5030,5024,5018,5007,5001,5000)
(11525,15,5032,5021,5015,5014,5008)
(11526,45,5006,5017,5028,5033,5038,5049)
(11527,10,5032,5026,5025,5024,5018,5012,5011,5005,5000)
(11528,10,5007,5013,5019,5025,5026,5032,5037)
(11529,25,5033,5028,5017,5006,5000)
(11530,30,5033,5028,5017,5006,5000)
(11531,45,5051,5040,5029,5018,5012,5011)
(11532,25,5012,5011,5016,5027,5038,5044,5045,5051)
(11533,45,5031,5037,5043,5054)
(11534,20,5049,5038,5027,5016,5011,5012,5013,5014)
(11535,30,5021,5026,5031,5036,5041,5046,5045,5050)
(11536,39,5031,5036,5041,5052,5058)
(11537,10,5008,5019,5030,5041,5052)
(11538,5,5013,5019,5030,5041,5047)
(11539,15,5028,5039,5050)
(11540,30,5031,5036,5041,5052,5058)
(11541,20,5000,5005,5016,5027,5038,5049,5055,5056,5057,5052)
(11542,20,5033,5028,5017,5006,5000)
(11543,45,5005,5011,5017,5028,5033)
(11544,25,5057,5052,5047,5048,5043,5032,5021,5010,5004)
(11545,25,5008,5019,5025,5026,5032,5037)
(11546,15,5038,5027,5016,5011,5012,5013,5014,5009)
(11547,25,5012,5011,5016,5027,5038,5044,5045,5051)
(11548,39,5019,5030,5041,5047,5048,5054)
(11549,39,5007,5018,5029,5035,5041,5052)
(11550,35,5009,5020,5025,5030,5041,5047,5048)
(11551,30,5049,5038,5033,5028,5017)
(11552,15,5028,5017,5006,5000)
(11553,20,5051,5040,5029,5018,5007,5001,5000)
(11554,25,5038,5033,5028,5017,5012,5007,5001)
(11555,35,5030,5041,5052)
(11556,30,5048,5047,5041,5030,5024,5023,5017,5012)
(11557,15,5001,5007,5018,5029,5035,5041,5047,5048,5054,5059)
(11558,20,5030,5041,5047,5048,5054)
(11559,15,5009,5020,5031,5036,5041,5046,5045,5050)
(11560,15,5056,5057,5052,5047,5048,5043,5032,5021,5010,5004)
(11561,15,5037,5031,5025,5024,5018,5007,5001,5000)
(11562,25,5027,5033,5039,5050)
(11563,15,5010,5021,5032,5043,5048,5047)
(11564,25,5055,5049,5038,5033,5028,5017,5011,5016)
(11565,45,5021,5026,5031,5036,5041,5046,5045,5050)
(11566,15,5020,5025,5030,5041,5047,5048)
(11567,25,5041,5030,5024,5018,5012)
(11568,5,5040,5029,5024,5019,5008)
(11569,25,5031,5025,5024,5018,5007)
(11570,15,5020,5031,5042,5053,5058,5057)
(11571,30,5057,5056,5050,5039,5034,5029,5023)
(11572,5,5007,5012,5011,5016,5027,5038,5044)
(11573,5,5016,5027,5033,5039,5050)
(11574,39,5029,5018,5012,5011,5005,5000)
(11575,45,5057,5052,5041,5030,5019,5008,5003,5009)
(11576,35,5006,5017,5028)
(11577,39,5009,5020,5026,5032)
(11578,45,5020,5031,5036,5041,5046,5045,5050)
(11579,30,5048,5043,5032,5021,5010,5004)
(11580,30,5010,5021,5026,5031,5042,5053,5058,5057)
(11581,35,5032,5021,5010)
(11582,5,5008,5019,5030)
(11583,25,5017,5028,5034,5035,5041,5047,5048,5054)
(11584,35,5032,5043,5054)
(11585,5,5007,5018,5029,5040,5051,5057,5052)
(11586,45,5009,5020,5025,5030,5041,5047,5048)
(11587,5,5027,5033,5039,5050)
(11588,30,5056,5050,5039,5028,5017,5012,5007,5001)
(11589,5,5010,5021,5026,5031,5036,5041,5046,5045,5050)
(11590,20,5028,5017,5006,5000)
(11591,45,5027,5033,5039,5050)
(11592,10,5052,5041,5030,5024,5018,5007,5001,5000)
(11593,5,5029,5040,5051,5057,5058)
(11594,15,5039,5028,5017,5012,5007,5001)
(11595,20,5027,5038,5044,5050,5056,5057,5058)
(11596,35,5033,5028,5017,5006,5000)
(11597,20,5009,5020,5026,5032,5043,5048)
(11598,25,5005,5011,5012,5018,5029)
(11599,39,5047,5041,5030,5024,5018,5007)
(11600,20,5011,5016,5027,5038,5044,5050,5056,5057,5058)
(11601,39,5028,5017,5012,5007,5001)
(11602,15,5032,5026,5025,5024,5018,5012,5011,5005,5000)
(11603,39,5028,5034,5035,5041,5047,5048,5054)
(11604,15,5032,5043,5054)
(11605,30,5010,5021,5026,5025,5024,5023,5028,5039,5044)
(11606,35,5028,5017,5006,5000)
(11607,45,5032,5043,5054)
(11608,30,5039,5028,5017)
(11609,40,5049,5038,5027,5016,5011,5012,5013,5014,5015,5010)
(11610,40,5028,5034,5035,5041,5047,5048,5054,5059)
(11611,45,5030,5024,5018,5007)
(11612,40,5047,5041,5030,5019,5008)
(11613,15,5030,5024,5018,5007)
(11614,30,5030,5041,5052)
(11615,45,5021,5026,5025,5024,5029,5040,5051,5057)
(11616,45,5049,5038,5027,5016,5011,5012,5013)
(11617,25,5053,5047,5041,5030,5024,5018,5012)
(11618,45,5055,5049,5038,5027,5016,5011,5012,5013,5008,5003,5004)
(11619,10,5053,5048,5043,5032,5021,5010)
(11620,5,5038,5033,5028,5017,5012,5007,5001)
(11621,45,5011,5016,5027,5033,5039,5050)
(11622,25,5001,5007,5013,5019,5025,5026,5032,5043)
(11623,35,5013,5019,5025,5026,5032,5043)
(11624,15,5038,5027,5016,5011,5012,5007,5002)
(11625,10,5028,5017,5012,5007,5001)
(11626,45,5031,5025,5024,5018,5007)
(11627,10,5059,5054,5043,5037,5031)
(11628,25,5029,5040,5051,5057,5058)
(11629,15,5019,5030,5041,5047,5048,5054)
(11630,30,5044,5038,5027,5016,5005)
(11631,15,5011,5012,5018,5029,5035,5041,5047,5048,5054,5059)
(11632,30,5001,5007,5013,5019,5025,5026,5032,5043)
(11633,20,5030,5041,5047,5048,5054)
(11634,40,5022,5027,5038,5044,5045,5051)
(11635,40,5020,5031,5037,5043,5054)
(11636,25,5049,5038,5033,5028,5017)
(11637,20,5050,5039,5028,5017,5012,5013,5008,5002)
(11638,45,5032,5043,5054)
(11639,20,5032,5043,5054)
(11640,5,5045,5039,5028,5017)
(11641,40,5032,5043,5054)
(11642,10,5031,5036,5041,5052,5058)
(11643,10,5010,5021,5032,5043,5048)
(11644,15,5027,5038,5049)
(11645,45,5048,5047,5041,5030,5024,5018,5012)
(11646,35,5029,5018,5007,5001,5000)
(11647,30,5029,5040,5051,5057,5058)
(11648,10,5052,5041,5030,5024,5018,5007,5001,5000)
(11649,35,5048,5047,5041,5030,5019)
(11650,40,5055,5049,5038,5033,5028,5017,5011,5016)
(11651,30,5032,5043,5054)
(11652,10,5007,5013,5019,5030,5041,5047,5048,5054)
(11653,40,5057,5052,5047,5048,5043,5032,5021,5010,5004)
(11654,25,5020,5031,5042,5047,5046,5051,5057)
(11655,25,5038,5027,5016,5011,5012,5013,5014,5009)
(11656,45,5047,5041,5030,5019)
(11657,5,5019,5030,5041,5047,5048,5054)
(11658,15,5052,5041,5030,5024,5018,5012)
(11659,45,5021,5032,5043,5054,5059)
(11660,5,5057,5052,5041,5030,5019,5014,5015)
(11661,5,5044,5038,5027,5016,5011,5012,5013,5008,5003,5004)
(11662,40,5005,5011,5012,5018,5024,5030,5041)
(11663,45,5021,5026,5025,5024,5029,5040,5051,5057)
(11664,10,5031,5037,5043,5054)
(11665,25,5047,5041,5030,5024,5023,5017,5012)
(11666,10,5022,5027,5038,5044,5045,5051)
(11667,40,5052,5041,5030,5019,5008,5003,5009)
(11668,30,5033,5028,5017,5006,5000)
(11669,35,5018,5029,5040)
(11670,25,5010,5021,5026,5025,5024,5029,5040,5051,5056,5055)
(11671,15,5018,5029,5035,5041,5052)
(11672,45,5032,5043,5054)
(11673,15,5021,5032,5043,5054)
(11674,20,5032,5021,5010)
(11675,21,5052,5041,5030,5019,5008,5003,5004)
(11676,15,5011,5016,5027,5033,5039,5050)
(11677,45,5048,5047,5041,5030,5019,5014)
(11678,21,5030,5019,5008)
(11679,35,5052,5041,5030,5019)
(11680,35,5008,5019,5030,5041,5052,5057)
(11681,40,5001,5007,5013,5019,5030,5041,5047,5042,5037)
(11682,15,5029,5035,5041,5047,5048,5054)
(11683,15,5029,5018,5007,5001,5000)
(11684,15,5012,5013,5019,5030,5041,5047)
(11685,5,5018,5029,5040)
(11686,25,5053,5047,5041,5030,5024,5018,5007,5001,5000)
(11687,45,5021,5032,5043)
(11688,21,5021,5026,5031,5042,5053,5058,5057)
(11689,40,5010,5021,5032)
(11690,35,5010,5021,5026,5025,5024,5029,5040,5051,5057)
(11691,35,5031,5025,5024,5018,5007,5001,5000)
(11692,21,5041,5030,5024,5018,5012,5011,5005,5000)
(11693,30,5011,5016,5027,5038,5049)
(11694,40,5044,5038,5027,5016,5011,5012,5013,5008,5003,5004)
(11695,21,5027,5038,5044,5050,5056,5057,5058)
(11696,40,5019,5030,5041,5052)
(11697,30,5028,5034,5035,5041,5047,5048,5054)
(11698,5,5005,5011,5012,5018,5029)
(11699,40,5029,5040,5051)
(11700,15,5002,5001,5006,5017,5028,5033,5038,5049)
(11701,15,5021,5026,5031,5036,5041,5046,5045,5050)
(11702,10,5031,5036,5041,5052,5058)
(11703,5,5057,5052,5041,5030,5019,5014,5015)
(11704,30,5049,5038,5033,5028,5017,5011,5016)
(11705,21,5040,5029,5024,5019,5008)
(11706,45,5028,5039,5050,5056,5057)
(11707,45,5029,5035,5041,5047,5048,5054)
(11708,35,5005,5016,5027,5038,5049)
(11709,5,5038,5027,5016,5011,5012,5007,5002)
(11710,35,5052,5047,5048,5043,5032,5021,5010,5004)
(11711,15,5033,5028,5017,5006,5000)
(11712,45,5050,5039,5028,5017,5012,5007,5001)
(11713,40,5018,5029,5040,5051,5057,5058)
(11714,35,5002,5007,5018,5029,5040)
(11715,35,5005,5011,5012,5018,5029,5035,5041,5047,5048,5054,5059)
(11716,40,5051,5040,5029,5018)
(11717,5,5043,5032,5021,5010)
(11718,45,5019,5025,5026,5032,5043)
(11719,15,5032,5043,5054)
(11720,35,5011,5012,5013,5019,5025,5026,5032,5043)
(11721,35,5021,5026,5031,5036,5041,5046,5045,5050)
(11722,30,5041,5030,5024,5023,5017,5012)
(11723,30,5038,5027,5016,5011,5012,5013,5014,5015,5010)
(11724,25,5006,5017,5028,5039,5045,5046,5041)
(11725,16,5052,5041,5030,5024,5023,5017,5012)
(11726,25,5032,5021,5015,5014,5008)
(11727,5,5053,5048,5043,5032,5021,5010)
(11728,25,5037,5031,5025,5024,5018,5007,5001,5000)
(11729,10,5007,5013,5019,5030)
(11730,16,5031,5037,5043,5054)
(11731,40,5031,5025,5024,5018,5007)
(11732,5,5054,5043,5032,5021,5010)
(11733,16,5056,5050,5039,5034,5029,5023)
(11734,5,5051,5040,5029,5018,5012,5011)
(11735,45,5029,5035,5041,5047,5048,5054)
(11736,40,5033,5028,5017,5006,5000)
(11737,35,5031,5037,5043,5054)
(11738,35,5028,5034,5035,5041,5047,5048,5054,5059)
(11739,30,5037,5031,5025,5019,5008,5003)
(11740,16,5011,5012,5013,5019,5030,5041,5047,5048,5054)
(11741,5,5038,5033,5028,5017,5012,5007,5001)
(11742,10,5032,5021,5010)
(11743,5,5028,5017,5012,5007,5001)
(11744,31,5028,5017,5006,5000)
(11745,5,5012,5013,5019,5025,5026,5032,5043)
(11746,10,5005,5011,5017,5028,5033,5038,5044)
(11747,35,5005,5011,5017,5028,5039,5045,5046,5041)
(11748,16,5005,5011,5012,5018,5024,5030,5041,5052)
(11749,45,5030,5041,5047,5048,5054)
(11750,16,5031,5036,5041,5052,5058)
(11751,31,5020,5031,5037,5043,5054)
(11752,35,5018,5029,5035,5041,5052)
(11753,40,5028,5017,5006,5000)
(11754,40,5005,5016,5027,5033,5039,5050)
(11755,31,5020,5026,5032,5043,5048)
(11756,25,5032,5021,5015,5014,5008)
(11757,10,5010,5021,5026,5025,5024,5023,5028,5039,5044)
(11758,10,5030,5024,5018,5012,5011,5005,5000)
(11759,10,5047,5041,5030,5024,5018,5012)
(11760,40,5048,5043,5032,5021,5015)
(11761,40,5019,5025,5026,5032,5043)
(11762,25,5053,5047,5041,5030,5019)
(11763,25,5052,5041,5030,5024,5023,5022,5016)
(11764,5,5030,5041,5047,5048,5054)
(11765,21,5048,5047,5041,5030,5024,5018,5012,5011,5005,5000)
(11766,21,5028,5017,5012,5007,5001)
(11767,10,5010,5021,5026,5025,5024,5023,5028,5039,5044)
(11768,10,5005,5011,5012,5013,5019,5030,5041,5047,5042,5037)
(11769,21,5051,5040,5029,5018,5007)
(11770,40,5027,5038,5049)
(11771,45,5010,5021,5026,5025,5024,5029,5040,5051,5056,5050)
(11772,40,5011,5016,5027,5038,5049)
(11773,45,5009,5020,5026,5032,5043,5048)
(11774,16,5002,5001,5006,5017,5028,5033,5038,5049)
(11775,21,5030,5024,5018,5012,5011,5005,5000)
(11776,40,5028,5034,5035,5041,5047,5048,5054)
(11777,16,5031,5025,5024,5018,5007,5001,5000)
(11778,45,5052,5041,5030,5024,5018,5007)
(11779,5,5012,5011,5016,5027,5038,5049)
(11780,16,5053,5047,5041,5030)
(11781,5,5008,5019,5025,5026,5032,5037)
(11782,25,5048,5047,5041,5030,5024,5018,5007,5001,5000)
(11783,40,5029,5040,5051,5057,5058)
(11784,5,5032,5043,5054)
(11785,5,5031,5037,5043,5054)
(11786,5,5054,5048,5047,5041,5030,5019,5008)
(11787,21,5022,5027,5038,5044,5045,5051)
(11788,21,5030,5024,5018,5007)
(11789,21,5028,5017,5006,5000)
(11790,21,5028,5017,5012,5007,5001)
(11791,16,5043,5032,5021,5010)
(11792,46,5011,5016,5027,5038,5044,5050,5056,5057,5058)
(11793,5,5010,5021,5026,5025,5024,5029,5040,5051,5057)
(11794,16,5008,5002,5007,5012,5011,5016,5027,5033,5039,5050)
(11795,35,5005,5016,5027,5033,5039,5050)
(11796,16,5045,5039,5028,5017)
(11797,46,5030,5024,5018,5007)
(11798,25,5057,5056,5050,5039,5028,5017,5012,5007,5001)
(11799,10,5030,5041,5047,5048,5054)
(11800,25,5045,5039,5028,5017,5006,5001)
(11801,10,5044,5038,5027,5016,5011,5012,5013,5008,5003,5004)
(11802,35,5031,5025,5019,5008)
(11803,31,5003,5002,5007,5012,5011,5016,5027,5038,5049)
(11804,10,5018,5029,5040,5051,5057,5052)
(11805,31,5045,5039,5028,5017,5011,5005,5000)
(11806,25,5021,5026,5025,5024,5029,5040,5051,5057)
(11807,21,5041,5030,5019,5008,5003,5004)
(11808,16,5037,5031,5025,5024,5018,5007)
(11809,40,5041,5030,5024,5018,5007)
(11810,21,5002,5001,5006,5017,5028,5033,5038,5049)
(11811,16,5017,5028,5034,5035,5041,5047,5048,5054)
(11812,5,5053,5047,5041,5030,5024,5018,5007)
(11813,21,5010,5021,5026,5025,5024,5029,5040,5051,5056,5050)
(11814,40,5031,5036,5041,5052,5058)
(11815,5,5044,5038,5027,5016)
(11816,46,5048,5047,5041,5030,5024,5018,5007)
(11817,25,5030,5041,5047,5048,5054,5059)
(11818,35,5022,5027,5038,5044,5045,5051)
(11819,31,5031,5037,5043,5054)
(11820,46,5041,5030,5024,5023,5022,5016)
(11821,35,5031,5025,5024,5018,5012,5011,5005,5000)
(11822,31,5030,5041,5047,5048,5054,5059)
(11823,35,5020,5025,5024,5029,5040,5051,5056,5055)
(11824,16,5028,5039,5050)
(11825,21,5021,5032,5043)
(11826,25,5055,5049,5038,5027,5016,5011,5012,5013,5008,5003,5004)
(11827,10,5051,5040,5029,5018)
(11828,40,5048,5047,5041,5030,5024,5018,5012)
(11829,10,5039,5028,5017)
(11830,35,5055,5049,5038,5033,5028,5017,5011,5016)
(11831,5,5030,5041,5047,5048,5054)
(11832,10,5008,5019,5030,5041)
(11833,10,5054,5048,5047,5041,5030,5024,5018,5007,5001,5000)
(11834,40,5021,5026,5031,5042,5053,5058,5057)
(11835,5,5005,5011,5012,5018,5029)
(11836,25,5011,5012,5018,5024,5030,5041)
(11837,25,5032,5043,5054)
(11838,46,5012,5013,5019,5025,5026,5032,5043)
(11839,35,5028,5017,5012,5007,5001)
(11840,16,5054,5048,5047,5041,5030,5024,5023,5017,5012)
(11841,46,5047,5048,5043,5032,5021,5010,5004)
(11842,5,5009,5020,5031,5036,5041,5052,5058)
(11843,35,5028,5017,5006,5000)
(11844,21,5031,5026,5021,5015,5009)
(11845,36,5028,5039,5050)
(11846,40,5030,5041,5052)
(11847,31,5031,5025,5024,5018,5007)
(11848,10,5021,5032,5043,5054)
(11849,21,5043,5032,5021,5010)
(11850,10,5007,5018,5029,5040)
(11851,10,5032,5043,5054)
(11852,10,5032,5043,5054)
(11853,40,5051,5040,5029,5024,5019,5008,5003,5004)
(11854,31,5027,5038,5049,5055,5056,5057)
(11855,40,5057,5056,5050,5039,5028,5017,5012,5007,5001)
(11856,36,5027,5038,5049)
(11857,36,5031,5025,5024,5018,5012,5011,5005,5000)
(11858,10,5018,5029,5040)
(11859,36,5021,5026,5025,5024,5029,5040,5051,5057)
(11860,21,5032,5043,5054)
(11861,10,5050,5039,5034,5029,5024,5019,5008)
(11862,46,5010,5021,5032,5043,5054,5059)
(11863,36,5031,5025,5024,5018,5012,5011,5005,5000)
(11864,5,5027,5038,5049,5055,5056,5057)
(11865,5,5005,5011,5012,5018,5024,5030,5041)
(11866,40,5030,5019,5008)
(11867,40,5027,5038,5049)
(11868,40,5041,5030,5019)
(11869,31,5007,5018,5029,5040,5051,5057,5052)
(11870,31,5039,5028,5017)
(11871,40,5043,5032,5021,5010)
(11872,5,5058,5057,5056,5050,5039,5028,5017,5012,5007,5001)
(11873,25,5032,5043,5054)
(11874,25,5005,5011,5012,5018,5029)
(11875,10,5011,5016,5027,5038,5044,5045,5051)
(11876,31,5047,5041,5030,5024,5018,5012,5011,5005,5000)
(11877,46,5019,5024,5023,5028,5033,5038,5049)
(11878,36,5031,5025,5024,5018,5007)
(11879,10,5009,5020,5031)
(11880,36,5052,5041,5030,5024,5018,5007)
(11881,16,5033,5028,5017,5006,5000)
(11882,31,5006,5017,5028,5039,5045,5046,5041)
(11883,21,5047,5041,5030,5024,5018,5007,5001,5000)
(11884,5,5048,5047,5041,5030,5019,5008)
(11885,10,5037,5031,5025,5019,5008,5003)
(11886,10,5030,5024,5018,5007,5001,5000)
(11887,25,5051,5040,5029,5018,5007)
(11888,16,5031,5025,5024,5018,5007,5001,5000)
(11889,25,5054,5043,5032,5026,5025)
(11890,46,5030,5024,5018,5012,5011,5005,5000)
(11891,31,5054,5048,5047,5041,5030,5024,5018,5007,5001,5000)
(11892,46,5031,5025,5024,5018,5012,5011,5005,5000)
(11893,31,5032,5021,5015,5014,5008)
(11894,16,5010,5021,5032,5043)
(11895,6,5021,5032,5043,5054,5059)
(11896,36,5020,5031,5037,5043,5054)
(11897,36,5051,5040,5029,5018,5012,5011)
(11898,6,5002,5001,5006,5017,5028,5033,5038,5049)
(11899,11,5037,5031,5025,5024,5018,5007,5001,5000)
(11900,46,5048,5047,5041,5030,5019,5014,5009)
(11901,40,5047,5041,5030,5024,5018,5007)
(11902,26,5056,5050,5039,5028,5017,5012,5007,5001)
(11903,11,5006,5017,5028,5034,5035,5041,5047,5048,5054)
(11904,46,5009,5020,5031,5036,5041,5046)
(11905,40,5052,5041,5030,5019,5014,5015)
(11906,16,5005,5011,5012,5018,5024,5030,5041,5052)
(11907,16,5032,5043,5054)
(11908,26,5032,5026,5025,5024,5018,5012,5011,5005,5000)
(11909,40,5020,5031,5042,5047,5046,5051,5057)
(11910,40,5033,5028,5017,5006,5000)
(11911,36,5018,5029,5040)
(11912,31,5034,5028,5017,5006,5001)
(11913,36,5020,5025,5030,5041,5047,5048)
(11914,11,5019,5030,5041,5047,5048,5054)
(11915,40,5030,5019,5008)
(11916,6,5048,5047,5041,5030,5024,5018,5012)
(11917,40,5040,5029,5024,5019,5008)
(11918,11,5006,5017,5028,5039,5044)
(11919,26,5032,5026,5025,5024,5018,5012,5011,5005,5000)
(11920,16,5009,5020,5025,5024,5029,5040,5051,5057,5052)
(11921,21,5046,5047,5048,5043,5032,5021,5010,5004)
(11922,11,5038,5033,5028,5017,5012,5007,5001)
(11923,21,5007,5013,5019,5025,5026,5032,5037)
(11924,40,5027,5038,5044,5045,5051)
(11925,6,5032,5043,5054)
(11926,31,5008,5002,5007,5018,5029,5040,5051,5057,5058)
(11927,21,5059,5054,5043,5037,5031)
(11928,46,5048,5047,5041,5030,5019,5014)
(11929,36,5032,5043,5054)
(11930,31,5029,5035,5041,5047,5048,5054)
(11931,41,5020,5031,5037,5043,5054)
(11932,31,5030,5019,5008)
(11933,26,5029,5040,5051)
(11934,26,5056,5055,5049,5038,5033,5028,5017,5011,5016)
(11935,31,5012,5013,5019,5025,5026,5032,5043)
(11936,11,5028,5017,5006,5000)
(11937,46,5009,5020,5025,5030,5041,5047,5048)
(11938,11,5031,5025,5024,5018,5012,5011,5005,5000)
(11939,46,5027,5038,5049)
(11940,21,5031,5025,5024,5018,5007)
(11941,6,5049,5038,5033,5028,5017,5006,5000)
(11942,11,5009,5020,5031,5036,5041,5046,5045,5050)
(11943,41,5051,5040,5029,5018,5007,5001,5000)
(11944,31,5028,5017,5006,5000)
(11945,26,5008,5019,5030)
(11946,21,5032,5021,5010)
(11947,46,5019,5030,5041,5047,5048,5054)
(11948,46,5029,5040,5051)
(11949,46,5005,5016,5027,5033,5039,5050)
(11950,11,5047,5041,5030,5024,5018,5007)
(11951,26,5029,5040,5051,5057,5058)
(11952,41,5020,5026,5032,5043,5048)
(11953,46,5032,5021,5015,5014,5008)
(11954,36,5010,5021,5026,5031,5042,5053,5058,5057)
(11955,6,5032,5021,5015,5014,5008)
(11956,36,5054,5043,5032,5026,5025,5024,5023)
(11957,36,5029,5040,5051)
(11958,11,5020,5031,5037,5043,5054)
(11959,16,5001,5007,5018,5029)
(11960,36,5021,5032,5043)
(11961,11,5056,5057,5052,5041,5030,5019)
(11962,6,5008,5019,5030,5041,5047)
(11963,11,5057,5052,5041,5030,5019)
(11964,46,5010,5021,5032,5043,5048)
(11965,6,5012,5013,5019,5030,5041,5047)
(11966,31,5011,5012,5013,5019,5025,5026,5032,5043)
(11967,16,5019,5025,5026,5032,5043)
(11968,11,5041,5030,5019,5008,5003,5004)
(11969,11,5054,5048,5047,5041,5030,5024,5018,5007,5001,5000)
(11970,41,5019,5030,5041,5052)
(11971,31,5019,5030,5041)
(11972,16,5054,5048,5047,5041,5030,5019,5014)
(11973,26,5053,5047,5041,5030)
(11974,11,5030,5024,5018,5007,5001,5000)
(11975,36,5020,5025,5030,5041,5047,5048)
(11976,36,5032,5021,5010)
(11977,26,5056,5057,5052,5041,5030,5019,5014,5015)
(11978,36,5006,5017,5028,5033,5038,5049)
(11979,26,5030,5041,5052)
(11980,26,5039,5028,5017,5012,5013,5008,5002)
(11981,21,5054,5048,5047,5041,5030,5019)
(11982,26,5032,5021,5015,5014,5008)
(11983,21,5033,5028,5017,5006,5000)
(11984,31,5012,5011,5016,5027,5038,5044,5045,5051)
(11985,36,5047,5041,5030,5024,5018,5007)
(11986,31,5031,5036,5041,5052,5058)
(11987,6,5040,5029,5024,5019,5008,5003,5004)
(11988,41,5009,5020,5031,5037,5043,5054)
(11989,16,5050,5056,5057,5052,5047,5048,5043,5032,5021,5010,5004)
(11990,36,5031,5036,5041,5052,5058)
(11991,16,5033,5028,5017,5006,5000)
(11992,31,5032,5043,5054)
(11993,41,5028,5034,5035,5041,5047,5048,5054)
(11994,26,5016,5027,5033,5039,5050)
(11995,21,5002,5001,5006,5017,5028,5033,5038,5044)
(11996,6,5048,5047,5041,5030,5024,5018,5012)
(11997,41,5013,5019,5025,5026,5032,5043)
(11998,36,5019,5030,5041)
(11999,6,5029,5035,5041,5047,5048,5054)
(12000,46,5047,5041,5030,5024,5018,5012,5011,5005,5000)
(12001,6,5030,5041,5047,5048,5054)
(12002,26,5012,5011,5016,5027,5038,5049)
(12003,26,5030,5041,5047,5048,5054,5059)
(12004,16,5028,5017,5012,5007,5001)
(12005,46,5007,5012,5017,5028,5039,5044)
(12006,31,5019,5030,5041,5047,5048,5054)
(12007,31,5021,5032,5043,5054)
(12008,36,5006,5011,5016,5027,5038,5044,5045,5051)
(12009,16,5048,5047,5041,5030,5024,5023,5017,5012)
(12010,6,5031,5026,5021,5015,5009)
(12011,16,5049,5038,5027,5016,5011,5012,5007,5002)
(12012,6,5053,5048,5043,5032,5021,5015,5009)
(12013,26,5030,5041,5047,5048,5054)
(12014,36,5005,5011,5017,5028,5039,5045,5046,5041)
(12015,31,5049,5038,5027,5016,5011,5012,5013,5014,5015,5010)
(12016,26,5054,5043,5032,5026,5025,5024,5023)
(12017,31,5053,5047,5046,5040,5029)
(12018,31,5031,5026,5021,5015,5009)
(12019,26,5029,5018,5007,5001,5000)
(12020,16,5027,5038,5044,5050,5056,5057,5058)
(12021,31,5029,5018,5012,5011,5005,5000)
(12022,6,5049,5038,5027,5016,5011,5012,5007,5002)
(12023,6,5037,5031,5025,5024,5018,5007)
(12024,16,5050,5056,5057,5052,5047,5048,5043,5032,5021,5010,5004)
(12025,21,5020,5031,5036,5041,5052,5058)
(12026,36,5005,5016,5027,5033,5039,5050)
(12027,41,5006,5017,5028,5033,5038,5044)
(12028,41,5054,5048,5047,5041,5030,5024,5023,5022,5016)
(12029,21,5049,5038,5033,5028,5017,5012,5007,5001)
(12030,41,5001,5007,5013,5019,5030,5041,5047)
(12031,31,5029,5035,5041,5047,5048,5054)
(12032,41,5031,5025,5024,5018,5012,5011,5005,5000)
(12033,41,5005,5016,5027,5033,5039,5050)
(12034,6,5012,5011,5016,5027,5033,5039,5050)
(12035,6,5029,5018,5012,5011,5005,5000)
(12036,41,5022,5027,5038,5044,5045,5051)
(12037,11,5055,5049,5038,5027,5016,5011,5012,5013,5008,5003,5004)
(12038,6,5020,5031,5036,5041,5052,5058)
(12039,6,5031,5025,5024,5018,5012,5011,5005,5000)
(12040,36,5008,5002,5007,5018,5029,5040,5051,5057,5058)
(12041,26,5029,5035,5041,5052)
(12042,26,5028,5017,5006,5000)
(12043,26,5009,5020,5031,5042,5053,5058,5057)
(12044,31,5057,5056,5050,5039,5028,5017,5012,5007,5001)
(12045,26,5019,5030,5041,5052)
(12046,16,5005,5016,5027,5033,5039,5050,5056,5051)
(12047,46,5028,5017,5006,5000)
