(10000,19,5012,5018,5029,5040,5045,5050)
(10001,21,5018,5024,5025,5026,5032,5037,5042)
(10002,34,5018,5029,5040,5045,5050)
(10003,17,5012,5018,5029,5035,5041,5052,5058)
(10004,1,5003,5004,5010,5021,5032,5043,5048,5042)
(10005,15,5006,5012,5018,5029,5035,5041,5052,5058)
(10006,2,5008,5014,5020,5025,5030,5041,5047)
(10007,17,5056,5057,5052,5041,5030,5019,5008,5003,5004)
(10008,19,5039,5028,5017,5006,5000)
(10009,24,5008,5014,5020,5025,5030,5041,5047)
(10010,32,5040,5029,5018,5013,5008)
(10011,26,5019,5024,5029,5040,5045,5050,5055)
(10012,15,5022,5023,5024,5030,5041,5052,5057)
(10013,2,5000,5001,5007,5018,5024,5025,5026,5032,5037,5042)
(10014,7,5037,5031,5025,5024,5023,5017,5006,5000)
(10015,32,5016,5027,5033,5039,5044)
(10016,21,5041,5030,5024,5023,5017,5006,5000,5005)
(10017,28,5036,5030,5024,5018,5007,5002)
(10018,26,5027,5033,5039,5050)
(10019,36,5011,5012,5018,5024,5025,5026,5032,5037,5042)
(10020,36,5020,5026,5032,5043)
(10021,7,5027,5033,5039,5050,5055)
(10022,34,5012,5018,5024,5025,5026,5032,5037,5042)
(10023,19,5005,5016,5027,5033,5039,5044)
(10024,17,5041,5030,5019,5014,5009,5003)
(10025,16,5030,5024,5018,5007)
(10026,5,5030,5024,5023,5017,5006,5000)
(10027,32,5011,5017,5023,5024,5030,5041,5047,5053,5058)
(10028,32,5052,5041,5030,5024)
(10029,5,5022,5023,5024,5030,5041,5052,5058)
(10030,2,5002,5007,5018,5029,5040)
(10031,26,5029,5035,5041,5052,5058)
(10032,2,5030,5041,5047,5053,5059)
(10033,13,5044,5039,5028,5023,5018,5007,5001)
(10034,36,5047,5041,5030,5024,5023,5017,5006)
(10035,7,5029,5040,5051)
(10036,16,5044,5045,5040,5029,5018,5013,5008)
(10037,24,5047,5041,5030,5024,5023,5017,5012)
(10038,16,5015,5009,5003,5002,5007,5018,5029,5040,5045,5050,5055)
(10039,34,5050,5039,5028,5017)
(10040,9,5019,5024,5029,5040,5045,5050)
(10041,28,5015,5020,5031,5042,5053,5059)
(10042,1,5055,5056,5057,5052,5041,5030,5024,5018,5007,5002,5008)
(10043,28,5057,5052,5041,5030,5019,5008,5003,5004,5010)
(10044,1,5036,5030,5024,5023,5017,5006)
(10045,28,5053,5048,5043,5032,5021,5015,5014)
(10046,21,5024,5023,5028,5039,5045,5051,5057)
(10047,13,5018,5029,5040,5045,5050)
(10048,32,5024,5023,5028,5039,5045,5051,5057)
(10049,30,5014,5020,5026,5032,5037,5042,5053,5059)
(10050,30,5030,5041,5047,5053,5059)
(10051,30,5023,5029,5040,5051)
(10052,22,5058,5057,5051,5040,5029,5018,5012)
(10053,17,5001,5007,5018,5024,5030,5041,5047,5048)
(10054,22,5040,5029,5023,5017,5006,5000,5005)
(10055,1,5001,5007,5018,5029,5040,5046,5047,5042)
(10056,26,5002,5008,5014,5020,5026,5032)
(10057,9,5041,5030,5024,5018,5007,5002,5008)
(10058,7,5040,5029,5018,5012)
(10059,9,5022,5023,5024,5030,5041,5052,5057)
(10060,34,5054,5043,5032,5026,5025,5024,5018,5007,5002)
(10061,19,5032,5043,5054)
(10062,7,5003,5002,5007,5018,5029,5040,5045,5044)
(10063,34,5030,5019,5014,5009,5003)
(10064,9,5020,5026,5032,5043)
(10065,32,5000,5001,5007,5018,5029,5034,5039,5050,5055)
(10066,28,5052,5041,5030,5019,5008,5003,5004,5010)
(10067,1,5021,5032,5043)
(10068,34,5032,5043,5054)
(10069,14,5043,5032,5021,5010)
(10070,36,5040,5029,5023,5017,5006)
(10071,26,5030,5041,5047,5053,5059)
(10072,17,5052,5041,5030,5024,5018,5007,5002,5008)
(10073,5,5029,5023,5017,5006)
(10074,36,5059,5058,5057,5051,5040,5029,5023,5017,5006,5000)
(10075,24,5028,5023,5018,5007,5001)
(10076,5,5023,5024,5030,5041,5047,5053,5058)
(10077,11,5017,5023,5024,5030,5041)
(10078,28,5053,5048,5043,5032,5021,5010,5004,5003)
(10079,30,5010,5021,5032,5043,5054)
(10080,32,5039,5028,5017,5006,5000)
(10081,17,5029,5040,5051)
(10082,34,5007,5018,5029,5040,5045,5044)
(10083,34,5003,5002,5007,5018,5029,5040)
(10084,30,5018,5029,5040,5045,5050,5055)
(10085,34,5051,5040,5029,5023,5017,5006,5000)
(10086,9,5032,5021,5010)
(10087,36,5054,5048,5047,5041,5030)
(10088,14,5054,5043,5032,5026,5025,5019,5008,5003)
(10089,24,5053,5047,5046,5040,5029,5024)
(10090,17,5027,5016,5005)
(10091,14,5015,5020,5031,5042,5047,5052)
(10092,11,5015,5020,5025,5024,5029,5040,5051)
(10093,19,5058,5057,5051,5045,5039,5033,5027,5022)
(10094,26,5053,5047,5046,5040,5029)
(10095,34,5041,5030,5019,5014,5009)
(10096,7,5016,5027,5033,5039,5044)
(10097,30,5028,5023,5018,5007,5001)
(10098,1,5011,5012,5018,5029,5040,5045,5050,5055)
(10099,17,5056,5057,5052,5041,5030,5019,5008,5003,5004)
(10100,26,5044,5045,5040,5029,5018,5007,5002,5003)
(10101,26,5018,5029,5040,5051)
(10102,26,5043,5032,5021,5015,5014,5008,5002,5007)
(10103,5,5056,5057,5052,5041,5030,5019,5008,5003,5004)
(10104,36,5023,5024,5030,5041,5047,5053,5058)
(10105,34,5057,5051,5040,5029,5023,5017,5006,5000,5005)
(10106,26,5018,5024,5030,5041,5047,5053,5058)
(10107,26,5030,5041,5052,5058)
(10108,30,5007,5018,5024,5030,5036,5042,5053,5059)
(10109,5,5050,5056,5057,5052,5041,5030,5019,5008,5003,5004)
(10110,32,5055,5056,5057,5052,5041,5030,5019,5008,5003,5004)
(10111,2,5027,5016,5005)
(10112,1,5004,5003,5002,5007,5018,5029,5040)
(10113,36,5056,5057,5052,5041,5030,5024,5018,5007,5002,5008)
(10114,11,5030,5024,5023,5017,5006,5000)
(10115,18,5053,5047,5041,5030,5025)
(10116,30,5029,5023,5017,5006)
(10117,5,5026,5032,5037,5042,5053,5059)
(10118,16,5040,5029,5023,5017,5012)
(10119,28,5020,5025,5024,5029,5040,5051)
(10120,30,5014,5020,5026,5032,5043)
(10121,28,5051,5040,5029,5023,5017,5012)
(10122,16,5018,5024,5030,5041)
(10123,26,5059,5058,5057,5051,5045,5039,5033,5027,5022)
(10124,16,5032,5043,5054)
(10125,28,5040,5029,5023,5017,5006)
(10126,14,5043,5032,5021)
(10127,11,5030,5024,5023,5017,5006,5000)
(10128,30,5026,5032,5037,5042,5053,5059)
(10129,16,5015,5009,5003,5002,5007,5018,5029,5040,5045,5050,5055)
(10130,24,5048,5043,5032,5021,5010,5004,5003)
(10131,22,5020,5031,5042,5053)
(10132,14,5028,5039,5044,5049,5055)
(10133,1,5029,5035,5041,5052,5058)
(10134,2,5018,5024,5030,5041,5047,5053,5058)
(10135,32,5057,5052,5041,5030,5024,5018,5007,5002,5008)
(10136,22,5054,5043,5032,5021,5010)
(10137,14,5027,5016,5005)
(10138,7,5006,5017,5028,5039)
(10139,32,5004,5003,5002,5007,5018,5029,5040,5045,5044)
(10140,30,5032,5043,5054)
(10141,18,5029,5023,5017,5006)
(10142,28,5044,5045,5040,5029,5018,5007)
(10143,7,5021,5026,5031,5042,5053)
(10144,7,5051,5040,5029,5023,5017,5006,5000,5005)
(10145,14,5030,5041,5052,5058)
(10146,26,5052,5041,5030,5019,5008,5003,5009)
(10147,9,5020,5031,5042,5053)
(10148,11,5030,5019,5014,5009,5003)
(10149,36,5029,5040,5051)
(10150,11,5028,5017,5006,5000)
(10151,30,5020,5025,5024,5029,5040,5051)
(10152,11,5024,5023,5028,5039,5045,5051,5057)
(10153,36,5009,5003,5002,5007,5018,5029,5040,5045,5050,5055)
(10154,18,5016,5027,5033,5039,5044)
(10155,11,5050,5039,5028,5017)
(10156,7,5057,5052,5041,5030,5019,5008,5003,5004)
(10157,19,5043,5032,5021,5015,5014,5008,5002,5007)
(10158,36,5050,5056,5057,5052,5041,5030,5019,5008,5003,5004)
(10159,3,5022,5023,5024,5030,5041,5052,5057)
(10160,30,5040,5029,5023,5017,5006,5000,5005)
(10161,18,5011,5017,5023,5024,5030,5041)
(10162,22,5032,5043,5054)
(10163,16,5053,5048,5043,5032,5021,5015,5014)
(10164,22,5003,5002,5007,5018,5029,5035,5041)
(10165,18,5021,5026,5031,5042,5053)
(10166,26,5037,5032,5026,5025,5019,5008,5003)
(10167,5,5054,5043,5032,5026,5025,5024,5018,5007,5002)
(10168,16,5012,5018,5029,5040,5045,5050,5055)
(10169,22,5022,5023,5024,5030,5041,5052,5057)
(10170,30,5014,5020,5025,5030,5041,5047)
(10171,16,5007,5018,5023,5028,5039)
(10172,34,5029,5040,5051)
(10173,7,5022,5023,5024,5030,5041,5052,5058)
(10174,18,5030,5024,5018,5007)
(10175,28,5019,5024,5029,5040,5045,5050)
(10176,26,5041,5030,5019,5008,5003,5004)
(10177,36,5017,5023,5024,5030,5041)
(10178,19,5055,5056,5057,5052,5041,5030,5019,5008,5003,5004,5010)
(10179,34,5032,5043,5054)
(10180,9,5029,5023,5017,5006,5000)
(10181,36,5053,5047,5041,5030,5024,5018,5007,5002,5003)
(10182,7,5055,5050,5039,5028,5023,5018,5007,5001)
(10183,19,5057,5051,5040,5029,5018,5012)
(10184,9,5040,5029,5023,5017,5006,5000,5005)
(10185,24,5032,5043,5054)
(10186,5,5022,5023,5024,5030,5041,5047,5053,5059)
(10187,3,5051,5040,5029)
(10188,5,5030,5024,5023,5017,5006)
(10189,7,5023,5024,5030,5041,5047,5053,5058)
(10190,24,5001,5002,5008,5014,5020,5026,5032)
(10191,14,5053,5048,5043,5032,5021)
(10192,5,5043,5037,5031,5025,5024,5023,5017,5006,5000)
(10193,16,5041,5030,5024,5018,5007,5002,5008)
(10194,28,5043,5032,5021)
(10195,19,5050,5039,5028,5017,5006,5000)
(10196,5,5031,5042,5053)
(10197,32,5015,5020,5031,5042,5047,5052)
(10198,24,5017,5023,5029,5040)
(10199,32,5019,5030,5041,5052,5058)
(10200,30,5036,5030,5024,5023,5017,5006,5000)
(10201,5,5028,5023,5018,5007,5001)
(10202,30,5039,5028,5017)
(10203,3,5000,5001,5002,5008,5014,5020,5026,5032)
(10204,14,5007,5018,5029)
(10205,14,5050,5039,5028)
(10206,19,5055,5056,5057,5052,5041,5030,5019,5008,5003,5004,5010)
(10207,5,5054,5043,5032,5026,5025,5024,5018,5007,5002)
(10208,32,5039,5028,5017)
(10209,24,5007,5018,5029,5040,5045,5050,5055)
(10210,14,5011,5017,5023,5024,5030,5041,5047,5053,5058)
(10211,16,5041,5030,5019,5008,5003,5004)
(10212,19,5009,5020,5031,5037)
(10213,3,5005,5011,5017,5023,5029,5040,5051)
(10214,30,5037,5031,5025,5024,5023,5017,5006)
(10215,34,5003,5002,5007,5018,5029,5040,5045,5050)
(10216,11,5004,5003,5002,5007,5018,5023,5028,5039)
(10217,5,5009,5003,5002,5007,5018,5029,5040,5045,5050,5055)
(10218,30,5047,5041,5030,5024,5023,5017,5006,5000,5005)
(10219,3,5004,5003,5002,5007,5018,5029,5040,5045,5050,5055)
(10220,28,5020,5026,5032,5037,5042,5053,5059)
(10221,30,5050,5039,5028,5017,5006,5000,5005)
(10222,28,5000,5001,5007,5018,5024,5030,5041,5047,5048)
(10223,9,5043,5037,5031,5025,5024,5018,5007)
(10224,24,5040,5029,5023,5017,5012)
(10225,34,5023,5029,5040,5051)
(10226,26,5028,5039,5044,5049,5055)
(10227,14,5018,5029,5035,5041,5052,5058)
(10228,12,5056,5051,5040,5029,5018,5007,5002,5003)
(10229,1,5050,5039,5028,5017,5006,5000)
(10230,26,5023,5029,5040,5051)
(10231,26,5027,5016,5005)
(10232,24,5048,5043,5032,5021,5010)
(10233,5,5055,5050,5039,5028,5017,5006,5000,5005)
(10234,9,5008,5014,5020,5031,5037)
(10235,28,5023,5029,5040,5051)
(10236,18,5029,5023,5017,5006,5000)
(10237,28,5047,5041,5030,5024,5018,5012)
(10238,36,5004,5010,5021,5032,5043,5048,5042)
(10239,18,5021,5032,5043)
(10240,28,5005,5011,5017,5023,5024,5025,5026,5032,5037)
(10241,18,5008,5019,5024,5029,5040,5045,5050)
(10242,32,5027,5016,5005)
(10243,28,5023,5029,5040,5051)
(10244,28,5014,5019,5024,5029,5040,5045,5050)
(10245,16,5056,5051,5040,5029,5018,5013,5008)
(10246,24,5031,5042,5053)
(10247,24,5043,5032,5021,5010,5004,5003,5008)
(10248,19,5002,5007,5018,5029,5040)
(10249,32,5014,5020,5026,5032,5043)
(10250,9,5055,5056,5057,5052,5041,5030,5019,5008,5003,5004,5010)
(10251,12,5043,5032,5021,5015,5014,5008,5002,5007)
(10252,36,5014,5020,5026,5032,5037,5042,5053,5059)
(10253,14,5059,5058,5057,5051,5045,5039,5033,5027,5022)
(10254,12,5057,5051,5040,5029,5023,5017,5011,5016)
(10255,12,5031,5042,5053)
(10256,32,5029,5023,5017,5006)
(10257,30,5029,5023,5017,5006,5000)
(10258,3,5045,5040,5029,5018,5007)
(10259,3,5027,5016,5005)
(10260,18,5055,5056,5057,5052,5041,5030,5024,5018,5007,5002,5008)
(10261,24,5015,5009,5003,5002,5007,5018,5029,5040,5045,5050,5055)
(10262,9,5021,5026,5031,5042,5053)
(10263,24,5041,5030,5024,5023,5017,5006,5000,5005)
(10264,22,5054,5043,5032,5026,5025,5024,5018,5007,5002)
(10265,5,5030,5041,5047,5053,5059)
(10266,16,5027,5033,5039,5050)
(10267,12,5051,5040,5029,5023,5017,5012)
(10268,9,5003,5009,5020,5031,5042,5047,5052)
(10269,7,5032,5026,5025,5024,5018,5007,5002)
(10270,12,5044,5039,5028,5023,5018,5007,5001)
(10271,14,5018,5029,5040,5045,5050)
(10272,28,5050,5039,5028,5017,5006,5000,5005)
(10273,14,5027,5016,5005)
(10274,5,5051,5040,5029,5023,5017,5011,5016)
(10275,30,5051,5040,5029,5018,5007)
(10276,32,5018,5029,5040)
(10277,26,5002,5008,5014,5020,5026,5032)
(10278,28,5026,5032,5037,5042,5053,5059)
(10279,36,5041,5030,5024,5023,5017,5012)
(10280,30,5030,5041,5052,5058)
(10281,7,5020,5025,5030,5041,5047)
(10282,26,5043,5032,5021,5010)
(10283,16,5027,5033,5039,5050)
(10284,24,5005,5011,5017,5028,5039,5045,5040)
(10285,19,5054,5043,5032)
(10286,1,5039,5028,5017)
(10287,24,5037,5032,5026,5025,5019,5008,5003)
(10288,5,5000,5001,5007,5018,5024,5030,5041,5047,5048)
(10289,26,5030,5041,5047,5053,5059)
(10290,30,5006,5012,5018,5029,5035,5041,5052,5058)
(10291,19,5017,5023,5029,5040,5051)
(10292,16,5054,5043,5032,5021,5015,5014,5008,5002,5007)
(10293,19,5030,5041,5052,5058)
(10294,30,5032,5043,5054)
(10295,3,5046,5041,5030,5019,5008,5003,5004)
(10296,32,5044,5045,5040,5029,5018,5013,5008)
(10297,14,5056,5057,5052,5041,5030,5019,5008,5003,5009)
(10298,26,5054,5043,5032,5021,5010)
(10299,22,5055,5056,5051,5040,5029,5018,5007)
(10300,34,5024,5030,5041,5047,5053,5059)
(10301,36,5055,5050,5039,5028,5017,5006,5000,5005)
(10302,7,5040,5029,5018,5007,5002,5003)
(10303,3,5036,5030,5024,5018,5007)
(10304,34,5030,5019,5014,5009,5003)
(10305,30,5002,5007,5018,5029,5040,5045,5050,5055)
(10306,7,5048,5043,5032,5021,5010)
(10307,3,5048,5043,5032,5021,5010,5004,5003)
(10308,22,5037,5031,5025,5024,5023,5017,5006,5000)
(10309,30,5007,5018,5029,5040)
(10310,9,5028,5039,5044,5049,5055)
(10311,3,5019,5024,5029,5040,5051,5057,5052)
(10312,18,5026,5032,5037,5042,5053,5059)
(10313,5,5050,5056,5057,5052,5041,5030,5019,5008,5003,5004)
(10314,12,5041,5030,5024,5018,5007)
(10315,32,5041,5030,5024,5023,5017,5006,5000)
(10316,7,5030,5041,5047,5053,5059)
(10317,1,5058,5057,5051,5040,5029,5018,5007)
(10318,12,5055,5056,5051,5040,5029,5018,5013,5008)
(10319,32,5050,5056,5057,5052,5041,5030,5019,5008,5003,5004)
(10320,14,5040,5029,5018,5007,5002,5003)
(10321,22,5039,5028,5017)
(10322,3,5007,5018,5023,5028,5039)
(10323,3,5036,5030,5024,5023,5017,5006,5000)
(10324,32,5000,5001,5007,5018,5024,5030,5036,5042,5053,5059)
(10325,3,5051,5040,5029,5023,5017,5006,5000,5005)
(10326,16,5057,5052,5041,5030,5019,5008,5003,5004)
(10327,1,5051,5040,5029,5023,5017,5006,5000)
(10328,18,5045,5040,5029,5018,5007,5002,5003)
(10329,26,5007,5018,5024,5030,5041,5047,5048)
(10330,20,5011,5012,5018,5029,5035,5041,5052,5058)
(10331,22,5003,5009,5020,5031,5042,5047,5052)
(10332,7,5040,5029,5018,5007)
(10333,9,5026,5032,5037,5042,5053,5059)
(10334,22,5021,5032,5043)
(10335,30,5041,5030,5024,5023,5017,5006,5000,5005)
(10336,1,5017,5023,5029,5040)
(10337,22,5054,5043,5032)
(10338,7,5015,5020,5025,5024,5029,5040,5051)
(10339,36,5058,5057,5051,5045,5039,5033,5027,5022)
(10340,3,5059,5058,5057,5051,5040,5029,5023,5017,5006,5000)
(10341,5,5024,5023,5028,5039,5045,5051,5057)
(10342,20,5043,5032,5026,5025,5019,5008,5003)
(10343,22,5022,5023,5024,5030,5041,5047,5053,5058)
(10344,37,5020,5026,5032,5037,5042,5053,5059)
(10345,14,5007,5018,5029,5035,5041,5052,5058)
(10346,24,5007,5018,5024,5030,5041,5047,5053,5058)
(10347,5,5007,5018,5024,5030,5041,5047,5048)
(10348,24,5028,5023,5018,5007,5001)
(10349,22,5037,5031,5025,5024,5023,5017,5006)
(10350,3,5006,5012,5018,5029,5040,5045,5050)
(10351,7,5022,5023,5024,5030,5041,5052,5057)
(10352,26,5044,5045,5040,5029,5018,5007,5002,5003)
(10353,5,5015,5014,5019,5024,5029,5040,5045,5050)
(10354,7,5052,5041,5030,5024,5018,5007,5002,5008)
(10355,16,5054,5048,5047,5041,5030)
(10356,1,5045,5040,5029,5018,5007)
(10357,5,5007,5018,5024,5030,5041,5047,5048)
(10358,28,5040,5029,5023,5017,5006,5000,5005)
(10359,18,5007,5018,5029,5040,5045,5050,5055)
(10360,1,5044,5045,5040,5029,5018,5007,5002,5003)
(10361,9,5012,5018,5029,5035,5041,5052,5058)
(10362,9,5041,5030,5019,5014,5009,5003)
(10363,1,5043,5032,5026,5025,5019,5008,5003)
(10364,14,5018,5029,5040)
(10365,3,5029,5023,5017,5006)
(10366,1,5027,5016,5005)
(10367,14,5005,5011,5012,5018,5029,5035,5041,5052,5058)
(10368,32,5023,5029,5040,5051)
(10369,22,5001,5007,5018,5029,5040,5046,5047,5042)
(10370,37,5012,5018,5029,5035,5041,5052,5058)
(10371,7,5008,5014,5020,5026,5032,5037,5042,5053,5059)
(10372,1,5002,5007,5018,5029,5040)
(10373,35,5019,5024,5029,5040,5051)
(10374,7,5029,5018,5007)
(10375,24,5003,5002,5007,5018,5029,5040)
(10376,32,5028,5039,5044,5049,5055)
(10377,24,5027,5016,5005)
(10378,14,5003,5002,5007,5018,5029,5040)
(10379,5,5037,5032,5026,5025,5019,5008,5003)
(10380,26,5020,5031,5042,5053)
(10381,35,5019,5030,5041,5052,5058)
(10382,1,5055,5050,5039,5028,5017,5006,5000)
(10383,12,5001,5007,5018,5029,5040,5045,5050,5055)
(10384,16,5023,5029,5040,5051)
(10385,7,5008,5014,5020,5026,5032,5043)
(10386,35,5018,5024,5025,5026,5032,5037,5042)
(10387,35,5045,5040,5029,5018,5013,5008)
(10388,14,5027,5016,5005)
(10389,35,5051,5040,5029)
(10390,37,5011,5012,5018,5029,5035,5041,5052,5058)
(10391,5,5011,5012,5018,5024,5030,5041,5047,5048)
(10392,12,5029,5040,5051)
(10393,37,5030,5041,5047,5053,5059)
(10394,28,5032,5043,5054)
(10395,30,5020,5026,5032,5037,5042,5053,5059)
(10396,28,5006,5012,5018,5029,5040,5045,5050)
(10397,18,5022,5023,5024,5030,5041,5047,5053,5059)
(10398,16,5036,5030,5024,5018,5007,5002)
(10399,30,5027,5016,5005)
(10400,37,5028,5039,5044,5049,5055)
(10401,9,5053,5047,5046,5040,5029)
(10402,35,5003,5002,5007,5018,5029,5040,5045,5050,5055)
(10403,12,5032,5026,5025,5019,5008,5003)
(10404,1,5036,5030,5024,5018,5007)
(10405,18,5054,5043,5032,5021,5015)
(10406,22,5043,5032,5021)
(10407,32,5057,5052,5041,5030,5024,5018,5007,5002,5008)
(10408,5,5040,5029,5018,5007)
(10409,7,5059,5058,5057,5051,5040,5029,5018,5007)
(10410,16,5045,5040,5029,5018,5007,5002,5003)
(10411,37,5004,5003,5002,5007,5018,5029,5040,5045,5050)
(10412,5,5001,5007,5018,5029,5040,5051)
(10413,18,5026,5032,5037,5042,5053,5059)
(10414,22,5017,5023,5029,5040)
(10415,3,5030,5019,5014,5009,5003)
(10416,30,5058,5057,5051,5045,5039,5033,5027,5022)
(10417,14,5051,5040,5029,5018,5007)
(10418,9,5041,5030,5024,5023,5017,5006,5000)
(10419,1,5045,5040,5029,5018,5013,5008)
(10420,30,5003,5002,5007,5018,5029,5040,5045,5050,5055)
(10421,28,5005,5011,5017,5028,5039,5045,5040)
(10422,28,5018,5029,5040,5045,5050)
(10423,22,5017,5023,5024,5030,5041)
(10424,35,5005,5011,5012,5018,5029,5035,5041,5052,5058)
(10425,26,5007,5018,5024,5030,5036,5042,5053,5059)
(10426,35,5018,5029,5040,5045,5050)
(10427,7,5011,5012,5018,5024,5030,5041,5047,5048)
(10428,14,5043,5032,5021,5015)
(10429,12,5059,5058,5057,5051,5045,5039,5033,5027,5022)
(10430,24,5005,5016,5027,5033,5039,5044)
(10431,12,5030,5041,5052,5058)
(10432,32,5018,5029,5040)
(10433,9,5030,5024,5023,5017,5006)
(10434,16,5054,5043,5032,5021,5015,5014,5008,5002,5007)
(10435,1,5047,5041,5030,5024,5023,5017,5006,5000,5005)
(10436,5,5055,5050,5039,5028,5017)
(10437,1,5022,5023,5024,5030,5041,5052,5057)
(10438,28,5028,5017,5006,5000)
(10439,7,5053,5048,5043,5032,5021,5010)
(10440,7,5022,5023,5024,5030,5041,5047,5053,5059)
(10441,35,5027,5016,5005)
(10442,28,5024,5023,5028,5039,5045,5051,5057)
(10443,32,5039,5028,5017,5006,5000,5005)
(10444,22,5041,5030,5019,5014,5009)
(10445,20,5012,5018,5029,5040,5045,5050)
(10446,32,5047,5041,5030,5024,5018,5012)
(10447,3,5028,5017,5006,5000)
(10448,33,5050,5039,5028,5023,5018)
(10449,28,5009,5020,5031,5042,5053)
(10450,24,5023,5024,5030,5041,5052,5058)
(10451,20,5050,5039,5033,5027)
(10452,1,5018,5029,5040,5045,5050,5055)
(10453,33,5047,5041,5030,5024,5023,5017,5006,5000,5005)
(10454,26,5055,5050,5039,5028,5023,5018,5007,5001)
(10455,14,5012,5018,5024,5025,5026,5032,5037,5042)
(10456,20,5047,5041,5030,5024,5018,5012)
(10457,22,5007,5018,5024,5030)
(10458,18,5037,5031,5025,5024,5018,5007)
(10459,18,5053,5047,5041,5030,5024,5018,5007,5002,5003)
(10460,16,5024,5030,5041,5047,5053,5058)
(10461,12,5054,5043,5032,5021,5010)
(10462,3,5028,5023,5018,5007,5001)
(10463,20,5027,5016,5005)
(10464,20,5040,5029,5023,5017,5012)
(10465,14,5027,5033,5039,5050,5055)
(10466,35,5020,5026,5032,5043)
(10467,7,5029,5023,5017,5006)
(10468,37,5019,5024,5023,5028,5039,5045,5051,5057)
(10469,30,5015,5020,5031,5042,5047,5052)
(10470,33,5030,5024,5018,5007)
(10471,33,5044,5039,5028,5017,5006,5000)
(10472,24,5037,5031,5025,5024,5023,5017,5006)
(10473,33,5028,5023,5018,5007,5001)
(10474,37,5029,5023,5017,5006,5000)
(10475,7,5043,5037,5031,5025,5024,5023,5017,5006)
(10476,14,5022,5023,5024,5030,5041,5047,5053,5059)
(10477,18,5015,5014,5019,5024,5029,5040,5045,5050)
(10478,9,5020,5025,5030,5041,5047)
(10479,18,5041,5030,5024,5023,5017,5006,5000)
(10480,3,5048,5043,5032,5021,5010)
(10481,9,5028,5023,5018,5007,5001)
(10482,24,5030,5024,5023,5017,5006)
(10483,24,5014,5020,5026,5032,5043)
(10484,18,5043,5037,5031,5025,5024,5023,5017,5006)
(10485,35,5003,5002,5007,5018,5029,5040)
(10486,1,5053,5048,5043,5032,5021,5010)
(10487,18,5019,5030,5041,5052,5058)
(10488,22,5055,5050,5039,5028,5017,5006,5000)
(10489,20,5041,5030,5024,5023,5017,5006,5000)
(10490,12,5047,5041,5030,5019,5008,5003,5009)
(10491,14,5001,5007,5018,5029,5040,5045,5050,5055)
(10492,3,5019,5024,5029,5040,5051,5057,5052)
(10493,9,5000,5001,5002,5008,5014,5020,5026,5032)
(10494,9,5003,5002,5007,5018,5029,5040,5051)
(10495,3,5022,5023,5024,5030,5041,5052,5057)
(10496,20,5015,5020,5031,5042,5053,5059)
(10497,18,5039,5028,5017,5006,5000,5005)
(10498,37,5019,5024,5029,5040,5051,5057,5052)
(10499,20,5010,5021,5026,5031,5042,5053)
(10500,7,5004,5003,5002,5007,5018,5029,5040,5045,5050,5055)
(10501,9,5032,5021,5010)
(10502,20,5030,5041,5052,5058)
(10503,5,5006,5012,5018,5029,5040,5045,5050)
(10504,18,5004,5003,5002,5007,5018,5029,5035,5041)
(10505,3,5008,5019,5024,5029,5040,5045,5050)
(10506,12,5055,5056,5051,5040,5029,5018,5007,5002,5003)
(10507,5,5030,5024,5023,5017,5006)
(10508,20,5031,5042,5053)
(10509,26,5022,5023,5024,5030,5041,5052,5058)
(10510,14,5044,5045,5040,5029,5018,5007)
(10511,35,5004,5003,5002,5007,5018,5029,5040)
(10512,33,5018,5024,5030,5041,5047,5053,5059)
(10513,24,5028,5017,5006,5000)
(10514,5,5031,5042,5053)
(10515,1,5028,5017,5006,5000)
(10516,22,5001,5007,5018,5024,5030,5036,5042,5053,5059)
(10517,7,5055,5056,5057,5052,5041,5030,5019,5008,5003,5004,5010)
(10518,7,5024,5030,5041,5047,5053,5058)
(10519,30,5055,5056,5057,5052,5041,5030,5019,5008,5003,5004)
(10520,16,5037,5031,5025,5024,5023,5017,5006,5000)
(10521,3,5037,5032,5026,5025,5019,5008,5003)
(10522,10,5029,5023,5017,5006)
(10523,24,5008,5014,5020,5025,5030,5041,5047)
(10524,22,5041,5030,5024,5023,5017,5006)
(10525,22,5043,5037,5036,5030,5024,5018,5012)
(10526,22,5024,5023,5028,5039,5045,5051,5057)
(10527,37,5057,5052,5041,5030,5019,5008,5003,5004)
(10528,5,5030,5041,5052,5058)
(10529,35,5024,5023,5028,5039,5045,5051,5057)
(10530,28,5044,5039,5028,5023,5018,5013,5008,5003,5004)
(10531,28,5027,5016,5005)
(10532,16,5028,5023,5018,5007,5001)
(10533,3,5001,5007,5018,5029,5040,5045,5044)
(10534,33,5027,5016,5005)
(10535,10,5026,5032,5037,5042,5053,5059)
(10536,30,5022,5023,5024,5030,5041,5052,5057)
(10537,26,5047,5041,5030,5024,5023,5017,5006,5000,5005)
(10538,1,5027,5016,5005)
(10539,30,5001,5007,5018,5029,5040,5046,5047,5042)
(10540,18,5004,5003,5002,5007,5018,5029,5040,5051)
(10541,5,5040,5029,5023,5017,5006,5000,5005)
(10542,28,5053,5047,5041,5030,5019,5008,5003,5009)
(10543,16,5045,5040,5029,5018,5007,5002,5003)
(10544,35,5032,5043,5054)
(10545,12,5047,5041,5030,5024,5018,5007)
(10546,22,5029,5023,5017,5006)
(10547,3,5037,5032,5026,5025,5019,5008,5003)
(10548,37,5005,5011,5012,5018,5029,5035,5041,5052,5058)
(10549,18,5050,5056,5057,5052,5041,5030,5019,5008,5003,5004)
(10550,28,5012,5018,5029,5035,5041,5052,5058)
(10551,12,5030,5019,5014,5009,5003)
(10552,37,5001,5007,5018,5029,5040)
(10553,14,5044,5039,5028,5023,5018,5007,5001)
(10554,3,5044,5039,5028,5023,5018,5007,5001)
(10555,18,5008,5014,5020,5026,5032,5043)
(10556,26,5020,5026,5032,5043)
(10557,18,5011,5012,5018,5024,5030,5041,5047,5053,5059)
(10558,20,5028,5039,5044,5049,5055)
(10559,28,5015,5020,5025,5024,5029,5040,5051)
(10560,3,5003,5009,5020,5031,5042,5047,5052)
(10561,35,5041,5030,5019,5008,5003,5004)
(10562,7,5036,5030,5024,5018,5007)
(10563,30,5022,5023,5024,5030,5041,5047,5053,5058)
(10564,26,5050,5039,5028)
(10565,35,5039,5028,5023,5018,5007,5001)
(10566,37,5024,5030,5041,5047,5053,5059)
(10567,16,5018,5029,5040,5045,5050,5055)
(10568,10,5052,5041,5030,5019,5008,5003,5004)
(10569,37,5008,5019,5024,5029,5040,5045,5050)
(10570,5,5041,5030,5019,5014,5009,5003)
(10571,5,5015,5009,5003,5002,5007,5018,5029,5040,5045,5050,5055)
(10572,10,5027,5033,5039,5050)
(10573,28,5026,5032,5037,5042,5053,5059)
(10574,20,5041,5030,5024,5023,5017,5006)
(10575,33,5055,5056,5057,5052,5041,5030,5024,5018,5007,5002,5008)
(10576,10,5044,5045,5040,5029,5018,5013,5008)
(10577,5,5027,5016,5005)
(10578,30,5059,5058,5057,5051,5040,5029,5018,5012)
(10579,20,5030,5041,5052,5058)
(10580,14,5047,5041,5030,5024,5023,5017,5006)
(10581,28,5026,5032,5037,5042,5053,5059)
(10582,22,5032,5043,5054)
(10583,35,5059,5058,5057,5051,5045,5039,5033,5027,5022)
(10584,33,5028,5023,5018,5007,5001)
(10585,5,5040,5029,5023,5017,5006,5000)
(10586,3,5040,5029,5018,5007,5002,5003)
(10587,3,5055,5050,5039,5028,5017,5006,5000)
(10588,37,5007,5018,5029,5040,5045,5050,5055)
(10589,14,5030,5019,5014,5009,5003)
(10590,16,5001,5007,5018,5024,5030,5041)
(10591,14,5026,5032,5037,5042,5053,5059)
(10592,37,5027,5016,5005)
(10593,20,5001,5007,5018,5029)
(10594,20,5023,5024,5030,5041,5052,5058)
(10595,35,5032,5043,5054)
(10596,30,5020,5031,5042,5047,5052)
(10597,14,5032,5043,5054)
(10598,3,5027,5033,5039,5050)
(10599,30,5002,5008,5014,5020,5026,5032)
(10600,10,5015,5014,5019,5024,5029,5040,5045,5050)
(10601,20,5044,5039,5028,5017,5006,5000)
(10602,5,5000,5001,5007,5018,5029,5034,5039,5050,5055)
(10603,37,5029,5035,5041,5052,5058)
(10604,37,5010,5021,5032,5037,5042)
(10605,5,5056,5057,5052,5041,5030,5019,5008,5003,5004)
(10606,7,5018,5024,5030,5041,5047,5048)
(10607,12,5020,5026,5032,5037,5042,5053,5059)
(10608,26,5019,5030,5041,5052,5058)
(10609,12,5045,5040,5029,5018,5007)
(10610,10,5037,5031,5025,5024,5023,5017,5006,5000)
(10611,12,5027,5016,5005)
(10612,20,5019,5030,5041,5052,5058)
(10613,20,5024,5023,5028,5039,5045,5051,5057)
(10614,10,5047,5041,5030,5024,5018,5007,5002,5003)
(10615,28,5018,5024,5025,5026,5032,5037,5042)
(10616,7,5015,5020,5025,5024,5029,5040,5051)
(10617,37,5028,5017,5006,5000)
(10618,37,5058,5057,5051,5040,5029,5023,5017,5006,5000)
(10619,37,5019,5024,5029,5040,5051,5057,5052)
(10620,35,5017,5023,5029,5040,5051)
(10621,3,5055,5050,5039,5033,5027)
(10622,14,5007,5018,5029,5040,5046,5047,5042)
(10623,22,5015,5009,5003,5002,5007,5018,5029,5040,5045,5050,5055)
(10624,5,5057,5051,5040,5029,5018,5012)
(10625,12,5012,5018,5029,5040,5045,5050)
(10626,16,5020,5025,5030,5041,5047)
(10627,5,5043,5032,5021,5015,5014,5008,5002,5007)
(10628,3,5003,5002,5007,5018,5029,5040)
(10629,30,5018,5024,5030,5041,5047,5053,5059)
(10630,22,5044,5039,5028,5023,5018,5013,5008,5003,5004)
(10631,37,5012,5018,5029,5040,5045,5050,5055)
(10632,37,5011,5017,5028,5039)
(10633,33,5005,5011,5017,5023,5024,5030,5041,5047,5053,5058)
(10634,30,5031,5042,5053)
(10635,1,5026,5032,5037,5042,5053,5059)
(10636,35,5012,5018,5024,5030,5041,5047,5048)
(10637,16,5024,5023,5028,5039,5045,5051,5057)
(10638,33,5040,5029,5023,5017,5006)
(10639,33,5029,5023,5017,5006,5000)
(10640,5,5014,5020,5025,5030,5041,5047)
(10641,14,5041,5030,5024,5023,5017,5006,5000,5005)
(10642,10,5057,5051,5040,5029,5023,5017,5006)
(10643,35,5003,5002,5007,5018,5029,5035,5041,5052)
(10644,22,5036,5030,5024,5018,5007,5002)
(10645,26,5055,5056,5057,5052,5041,5030,5019,5008,5003,5004,5010)
(10646,24,5057,5052,5041,5030,5019,5008,5003,5004)
(10647,35,5009,5020,5026,5032,5043)
(10648,37,5050,5056,5057,5052,5041,5030,5019,5008,5003,5004)
(10649,1,5005,5011,5017,5028,5039,5045,5040)
(10650,1,5019,5030,5041,5052,5058)
(10651,20,5022,5023,5024,5030,5041,5052,5058)
(10652,30,5003,5002,5007,5018,5029,5035,5041)
(10653,7,5003,5002,5007,5018,5029,5040,5045,5050,5055)
(10654,20,5028,5017,5006,5000)
(10655,12,5043,5037,5031,5025,5024,5023,5017,5006,5000)
(10656,3,5039,5028,5017)
(10657,28,5021,5026,5031,5042,5053)
(10658,26,5015,5014,5019,5024,5029,5040,5045,5050)
(10659,5,5003,5002,5007,5018,5029,5035,5041,5052)
(10660,12,5040,5029,5023,5017,5006,5000)
(10661,24,5058,5057,5051,5040,5029,5023,5017,5011,5016)
(10662,35,5037,5031,5025,5024,5023,5017,5006,5000)
(10663,12,5032,5043,5054)
(10664,8,5003,5009,5020,5031,5036,5041)
(10665,33,5018,5024,5030,5041,5047,5048)
(10666,10,5024,5030,5041,5047,5053,5059)
(10667,26,5030,5024,5023,5017,5006)
(10668,16,5009,5003,5002,5007,5018,5029,5040,5045,5050,5055)
(10669,37,5053,5047,5041,5030,5024,5018,5007,5002,5003)
(10670,14,5001,5002,5003,5009,5020,5031,5036)
(10671,24,5001,5007,5018,5024,5030,5036,5042,5053,5059)
(10672,24,5012,5018,5029,5040,5045,5050,5055)
(10673,10,5023,5024,5030,5041,5052,5058)
(10674,6,5055,5050,5039,5028,5023,5018)
(10675,3,5030,5041,5052,5058)
(10676,18,5024,5030,5041,5047,5053,5059)
(10677,35,5026,5032,5037,5042,5053,5059)
(10678,22,5014,5020,5026,5032,5043)
(10679,22,5007,5018,5023,5028,5039)
(10680,30,5003,5009,5020,5031,5036,5041)
(10681,6,5014,5020,5025,5030,5041,5047)
(10682,3,5047,5041,5030,5024,5023,5017,5012)
(10683,33,5007,5018,5024,5030,5041,5047,5048)
(10684,30,5043,5037,5031,5025,5024,5023,5017,5006,5000)
(10685,24,5011,5012,5018,5029,5035,5041,5052,5058)
(10686,33,5036,5030,5024,5018,5007,5002)
(10687,35,5036,5030,5024,5018,5007,5002)
(10688,30,5004,5010,5021,5032,5043,5048,5042)
(10689,20,5000,5006,5017,5028,5039,5044,5038)
(10690,20,5055,5056,5057,5052,5041,5030,5019,5008,5003,5004,5010)
(10691,22,5041,5030,5024,5018,5007)
(10692,37,5030,5024,5018,5007)
(10693,22,5048,5043,5032,5021,5010)
(10694,20,5007,5018,5029)
(10695,20,5059,5058,5057,5051,5040,5029,5018,5012)
(10696,14,5032,5043,5054)
(10697,6,5046,5041,5030,5019,5008,5003,5004)
(10698,35,5043,5032,5021,5015)
(10699,26,5017,5023,5024,5030,5041,5047,5053,5058)
(10700,31,5028,5039,5044,5049,5055)
(10701,22,5017,5023,5024,5030,5041,5047,5053,5058)
(10702,12,5005,5011,5017,5023,5024,5030)
(10703,31,5055,5050,5039,5028,5023,5018,5007,5001)
(10704,6,5028,5023,5018,5007,5001)
(10705,16,5023,5029,5040,5051)
(10706,10,5043,5032,5026,5025,5024,5018,5007,5002)
(10707,14,5037,5031,5025,5024,5023,5017,5006)
(10708,24,5024,5023,5028,5039,5045,5051,5057)
(10709,3,5001,5007,5018,5029)
(10710,20,5047,5041,5030,5024,5023,5017,5006)
(10711,10,5020,5026,5032,5043)
(10712,37,5024,5023,5028,5039,5045,5051,5057)
(10713,37,5027,5016,5005)
(10714,22,5030,5019,5014,5009,5003)
(10715,10,5058,5057,5051,5040,5029,5018,5012)
(10716,6,5043,5037,5036,5030,5024,5023,5017,5006,5000,5005)
(10717,20,5043,5032,5021)
(10718,29,5007,5018,5024,5030)
(10719,37,5014,5020,5025,5030,5041,5047)
(10720,20,5054,5043,5032,5026,5025,5024,5018,5007,5002)
(10721,31,5045,5040,5029,5018,5007,5002,5003)
(10722,1,5054,5043,5032,5021,5010)
(10723,3,5023,5024,5030,5041,5052,5058)
(10724,14,5043,5037,5031,5025,5024,5023,5017,5006,5000)
(10725,35,5029,5040,5051)
(10726,37,5012,5018,5029,5040,5045,5050,5055)
(10727,10,5055,5050,5039,5028,5023,5018)
(10728,18,5001,5007,5018,5024,5030,5036,5042,5053,5059)
(10729,8,5001,5007,5018,5029,5040,5045,5044)
(10730,33,5044,5045,5040,5029,5018,5013,5008)
(10731,10,5032,5043,5054)
(10732,8,5008,5014,5020,5025,5030,5041,5047)
(10733,31,5053,5047,5041,5030,5024,5018,5007,5002,5003)
(10734,6,5011,5012,5018,5024,5030,5041,5047,5053,5059)
(10735,33,5029,5023,5017,5006)
(10736,14,5001,5007,5018,5024,5025,5026,5032,5037,5042)
(10737,10,5006,5017,5023,5029,5040,5045,5039)
(10738,37,5041,5030,5024,5023,5017,5012)
(10739,26,5026,5032,5037,5042,5053,5059)
(10740,18,5039,5028,5017,5006,5000)
(10741,26,5018,5029,5040)
(10742,33,5030,5041,5052,5058)
(10743,22,5032,5043,5054)
(10744,8,5023,5024,5030,5041,5047,5053,5059)
(10745,14,5011,5012,5018,5024,5030,5041,5047,5048)
(10746,14,5047,5041,5030,5024,5018,5012)
(10747,1,5011,5017,5023,5024,5030,5041,5047,5053,5058)
(10748,8,5011,5017,5023,5029,5040,5051)
(10749,22,5012,5018,5029,5040,5045,5050)
(10750,8,5036,5030,5024,5023,5017,5006)
(10751,31,5009,5003,5002,5007,5018,5029,5040,5045,5050,5055)
(10752,3,5005,5011,5017,5023,5024,5030,5041,5047,5053,5058)
(10753,12,5022,5023,5024,5030,5041,5052,5058)
(10754,29,5014,5020,5026,5032,5037,5042,5053,5059)
(10755,24,5030,5024,5023,5017,5006)
(10756,31,5007,5018,5029,5040,5045,5050)
(10757,26,5028,5023,5018,5007,5001)
(10758,20,5059,5058,5057,5051,5040,5029,5023,5017,5006,5000,5005)
(10759,33,5014,5020,5026,5032,5037,5042,5053,5059)
(10760,12,5032,5043,5054)
(10761,3,5017,5023,5029,5040)
(10762,33,5053,5047,5041,5030,5025)
(10763,31,5008,5014,5020,5026,5032,5037,5042,5053,5059)
(10764,37,5008,5014,5020,5026,5032,5037,5042,5053,5059)
(10765,33,5037,5032,5026,5025,5019,5008,5003)
(10766,29,5017,5023,5029,5040,5051)
(10767,24,5027,5016,5005)
(10768,31,5028,5023,5018,5007,5001)
(10769,31,5011,5012,5018,5029,5040,5045,5050,5055)
(10770,33,5019,5024,5029,5040,5045,5050)
(10771,8,5054,5043,5032,5026,5025,5024,5018,5007,5002)
(10772,18,5017,5028,5039)
(10773,31,5023,5029,5040,5051)
(10774,8,5019,5024,5029,5040,5051)
(10775,35,5005,5011,5017,5023,5024,5030,5041)
(10776,12,5018,5024,5030,5041,5047,5048)
(10777,35,5029,5023,5017,5006,5000)
(10778,37,5024,5023,5028,5039,5045,5051,5057)
(10779,31,5046,5041,5030,5019,5008,5003,5004)
(10780,37,5011,5017,5028,5039)
(10781,6,5032,5043,5054)
(10782,14,5056,5057,5052,5041,5030,5024,5018,5007,5002,5008)
(10783,31,5030,5041,5052,5058)
(10784,20,5047,5041,5030,5024,5018,5007,5002,5003)
(10785,6,5031,5042,5053)
(10786,24,5032,5043,5054)
(10787,31,5004,5003,5002,5007,5018,5023,5028,5039)
(10788,22,5040,5029,5023,5017,5012)
(10789,24,5017,5028,5039)
(10790,20,5036,5030,5024,5018,5007,5002)
(10791,3,5045,5040,5029,5018,5007,5002,5003)
(10792,22,5014,5020,5025,5030,5041,5047)
(10793,31,5032,5043,5054)
(10794,14,5054,5043,5032,5021,5015,5014,5008,5002,5007)
(10795,18,5018,5029,5040,5045,5050)
(10796,3,5058,5057,5051,5040,5029,5023,5017,5006,5000)
(10797,14,5029,5035,5041,5052,5058)
(10798,8,5032,5043,5054)
(10799,16,5029,5040,5051)
(10800,16,5044,5039,5028,5023,5018,5013,5008,5003,5004)
(10801,24,5043,5037,5036,5030,5024,5018,5012)
(10802,12,5041,5030,5024,5023,5017,5006)
(10803,29,5036,5030,5024,5018,5007)
(10804,6,5045,5040,5029,5018,5007,5002,5003)
(10805,35,5044,5039,5028,5017,5006,5000,5005)
(10806,37,5040,5029,5018,5007)
(10807,14,5056,5057,5052,5041,5030,5024,5018,5007,5002,5008)
(10808,35,5051,5040,5029,5023,5017,5006,5000)
(10809,18,5036,5030,5024,5023,5017,5006)
(10810,20,5017,5023,5029,5040,5051)
(10811,31,5039,5028,5017,5006,5000,5005)
(10812,18,5050,5039,5028,5023,5018)
(10813,29,5024,5030,5041,5047,5053,5059)
(10814,37,5003,5002,5007,5018,5029,5035,5041,5052)
(10815,26,5001,5007,5018,5029,5040,5045,5050,5055)
(10816,24,5000,5001,5007,5018,5024,5030,5041,5047,5048)
(10817,29,5054,5043,5032,5021,5015)
(10818,31,5011,5012,5018,5029,5040,5045,5050,5055)
(10819,10,5005,5011,5017,5028,5039)
(10820,22,5011,5012,5018,5029,5035,5041,5052,5058)
(10821,10,5037,5031,5025,5024,5018,5007)
(10822,20,5059,5058,5057,5051,5040,5029,5018,5007)
(10823,8,5056,5051,5040,5029,5018,5013,5008)
(10824,12,5030,5019,5014,5009,5003)
(10825,3,5047,5041,5030,5024,5023,5017,5006)
(10826,10,5010,5015,5020,5031,5042,5047,5052)
(10827,12,5024,5023,5028,5039,5045,5051,5057)
(10828,33,5041,5030,5024,5018,5007)
(10829,31,5007,5018,5029,5040,5045,5050)
(10830,26,5023,5024,5030,5041,5047,5053,5058)
(10831,22,5004,5003,5002,5007,5018,5029,5040)
(10832,3,5055,5056,5057,5052,5041,5030,5019,5008,5003,5004)
(10833,10,5024,5030,5041,5047,5053,5059)
(10834,8,5052,5041,5030,5019,5008,5003,5004,5010)
(10835,31,5041,5030,5024,5018,5012)
(10836,12,5002,5008,5014,5020,5026,5032)
(10837,6,5030,5041,5047,5053,5059)
(10838,26,5005,5011,5012,5018,5029,5035,5041,5052,5058)
(10839,26,5054,5048,5047,5041,5030,5025)
(10840,8,5032,5043,5054)
(10841,14,5024,5023,5028,5039,5045,5051,5057)
(10842,26,5011,5012,5018,5029,5040,5045,5050,5055)
(10843,6,5007,5018,5029,5040,5045,5044)
(10844,18,5041,5030,5019,5008,5003,5004)
(10845,29,5029,5023,5017,5006)
(10846,18,5020,5026,5032,5037,5042,5053,5059)
(10847,18,5005,5016,5027,5033,5039,5044)
(10848,31,5011,5017,5023,5024,5030,5041,5047,5053,5058)
(10849,12,5044,5039,5028,5017,5006,5000)
(10850,6,5020,5026,5032,5043)
(10851,35,5019,5024,5029,5040,5045,5050)
(10852,10,5040,5029,5023,5017,5006)
(10853,10,5030,5019,5014,5009,5003)
(10854,24,5028,5023,5018,5007,5001)
(10855,14,5015,5020,5031,5042,5047,5052)
(10856,12,5019,5024,5029,5040,5045,5050,5055)
(10857,37,5019,5030,5041,5052,5058)
(10858,26,5018,5024,5025,5026,5032,5037,5042)
(10859,6,5010,5021,5032)
(10860,8,5029,5023,5017,5006)
(10861,22,5030,5041,5047,5053,5059)
(10862,26,5007,5018,5024,5030,5041,5047,5053,5058)
(10863,8,5044,5039,5028,5017,5006,5000)
(10864,18,5017,5023,5029,5040,5051)
(10865,14,5058,5057,5051,5040,5029,5023,5017,5006,5000,5005)
(10866,24,5032,5026,5025,5019,5008,5003)
(10867,22,5011,5012,5018,5024,5030,5041,5047,5048)
(10868,22,5030,5041,5047,5053,5059)
(10869,24,5024,5030,5041,5047,5053,5058)
(10870,35,5050,5039,5028)
(10871,16,5017,5023,5024,5030,5041)
(10872,12,5030,5041,5047,5053,5059)
(10873,22,5030,5024,5023,5017,5006)
(10874,31,5030,5024,5018,5007)
(10875,22,5023,5024,5030,5041,5047,5053,5059)
(10876,20,5027,5016,5005)
(10877,35,5039,5028,5017,5006,5000)
(10878,24,5004,5003,5002,5007,5018,5029,5040,5045,5050)
(10879,26,5030,5041,5052,5058)
(10880,29,5031,5042,5053)
(10881,26,5017,5023,5024,5030,5041,5047,5053,5058)
(10882,1,5004,5003,5002,5007,5018,5029,5040,5051)
(10883,22,5029,5023,5017,5006)
(10884,16,5007,5018,5029,5040)
(10885,20,5055,5056,5057,5052,5041,5030,5019,5008,5003,5009)
(10886,1,5053,5047,5041,5030,5024,5023,5017,5012)
(10887,12,5054,5043,5032,5021)
(10888,22,5040,5029,5018,5007,5002,5003)
(10889,10,5036,5030,5024,5023,5017,5006,5000)
(10890,6,5024,5030,5041,5047,5053,5058)
(10891,35,5027,5016,5005)
(10892,29,5030,5024,5023,5017,5006)
(10893,18,5057,5051,5040,5029,5018,5007)
(10894,12,5039,5028,5017,5006,5000,5005)
(10895,24,5040,5029,5023,5017,5012)
(10896,26,5000,5006,5017,5028,5039,5044,5038)
(10897,37,5029,5018,5007)
(10898,29,5012,5018,5029,5035,5041,5052,5058)
(10899,12,5006,5017,5023,5029,5040,5045,5039)
(10900,12,5019,5024,5029,5040,5045,5050)
(10901,16,5029,5018,5007)
(10902,31,5043,5032,5026,5025,5019,5008,5003)
(10903,12,5000,5001,5007,5018,5024,5025,5026,5032,5037,5042)
(10904,20,5016,5027,5038,5049,5055)
(10905,1,5014,5019,5024,5029,5040,5045,5050)
(10906,24,5003,5002,5007,5018,5023,5028,5039)
(10907,20,5029,5023,5017,5006)
(10908,3,5057,5052,5041,5030,5024,5018,5007,5002,5008)
(10909,35,5036,5030,5024,5023,5017,5006)
(10910,29,5055,5056,5051,5040,5029,5018,5007)
(10911,27,5000,5001,5007,5018,5024,5030,5036,5042,5053,5059)
(10912,6,5057,5051,5040,5029,5023,5017,5006,5000)
(10913,27,5028,5017,5006,5000)
(10914,3,5028,5023,5018,5007,5001)
(10915,1,5003,5002,5007,5018,5029,5035,5041)
(10916,31,5012,5018,5024,5025,5026,5032,5037,5042)
(10917,8,5014,5020,5026,5032,5043)
(10918,8,5003,5002,5007,5018,5029,5040)
(10919,27,5030,5024,5023,5017,5006,5000)
(10920,12,5003,5002,5007,5018,5029,5040,5045,5050)
(10921,3,5055,5056,5051,5040,5029,5018,5013,5008)
(10922,37,5014,5019,5024,5029,5040,5045,5050)
(10923,14,5003,5002,5007,5018,5029,5040,5045,5050,5055)
(10924,14,5043,5032,5026,5025,5019,5008,5003)
(10925,20,5029,5035,5041,5052,5058)
(10926,12,5054,5043,5032)
(10927,8,5044,5045,5040,5029,5018,5007,5002,5003)
(10928,3,5051,5040,5029,5018,5012)
(10929,12,5006,5012,5018,5029,5040,5045,5050)
(10930,35,5029,5023,5017,5006,5000)
(10931,20,5027,5016,5005)
(10932,10,5030,5019,5014,5009,5003)
(10933,33,5044,5045,5040,5029,5018,5007)
(10934,6,5029,5018,5007)
(10935,24,5028,5023,5018,5007,5001)
(10936,27,5007,5018,5024,5030)
(10937,37,5039,5028,5017,5006,5000,5005)
(10938,3,5028,5023,5018,5007,5001)
(10939,3,5056,5057,5052,5041,5030,5024,5018,5007,5002,5008)
(10940,33,5030,5041,5052,5058)
(10941,14,5023,5024,5030,5041,5047,5053,5058)
(10942,37,5029,5023,5017,5006,5000)
(10943,31,5003,5009,5020,5031,5036,5041)
(10944,29,5030,5024,5023,5017,5006)
(10945,37,5030,5024,5023,5017,5006,5000)
(10946,33,5005,5011,5012,5018,5029,5035,5041,5052,5058)
(10947,37,5029,5023,5017,5006)
(10948,31,5032,5043,5054)
(10949,1,5032,5021,5010)
(10950,1,5048,5043,5032,5021,5015,5014)
(10951,8,5050,5039,5028,5023,5018)
(10952,20,5029,5023,5017,5006,5000)
(10953,24,5055,5050,5039,5028,5017,5006,5000)
(10954,3,5024,5023,5028,5039,5045,5051,5057)
(10955,22,5014,5020,5025,5030,5041,5047)
(10956,33,5027,5016,5005)
(10957,3,5004,5003,5002,5007,5018,5029,5040,5045,5050,5055)
(10958,1,5053,5047,5041,5030,5025)
(10959,16,5007,5018,5029,5040,5045,5050,5055)
(10960,22,5052,5041,5030,5024)
(10961,18,5047,5041,5030,5024,5018,5007,5002,5003)
(10962,35,5000,5006,5017,5028,5039,5044,5038)
(10963,31,5040,5029,5023,5017,5006,5000)
(10964,22,5006,5012,5018,5029,5040,5045,5050)
(10965,27,5029,5035,5041,5052,5058)
(10966,20,5003,5002,5007,5018,5029,5040,5045,5050,5055)
(10967,18,5003,5004,5010,5021,5032,5043,5048,5042)
(10968,14,5052,5047,5048,5043,5032,5021,5010,5004)
(10969,16,5051,5040,5029,5023,5017,5006,5000,5005)
(10970,20,5058,5057,5051,5040,5029,5023,5017,5011,5016)
(10971,18,5020,5031,5042,5053)
(10972,37,5048,5043,5032,5021,5010)
(10973,20,5047,5041,5030,5019,5008,5003,5009)
(10974,33,5008,5014,5020,5031,5037)
(10975,8,5045,5040,5029,5018,5007,5002,5003)
(10976,35,5041,5030,5019,5008,5003,5004)
(10977,3,5019,5024,5029,5040,5051,5057,5052)
(10978,23,5055,5056,5057,5052,5041,5030,5019,5008,5003,5004)
(10979,10,5054,5043,5032)
(10980,31,5030,5041,5047,5053,5059)
(10981,1,5005,5011,5017,5028,5039)
(10982,35,5054,5048,5047,5041,5030)
(10983,33,5007,5018,5029,5040,5045,5050)
(10984,1,5027,5016,5005)
(10985,24,5002,5007,5018,5029,5040,5051)
(10986,4,5059,5058,5057,5051,5040,5029,5023,5017,5006,5000)
(10987,16,5043,5032,5021,5015)
(10988,20,5014,5020,5025,5030,5041,5047)
(10989,18,5019,5030,5041,5052,5058)
(10990,33,5045,5040,5029,5018,5007,5002,5003)
(10991,8,5050,5056,5057,5052,5041,5030,5019,5008,5003,5004)
(10992,18,5015,5020,5031,5042,5053,5059)
(10993,31,5041,5030,5024,5023,5017,5006,5000)
(10994,12,5000,5001,5007,5018,5024,5030,5036,5042,5053,5059)
(10995,4,5028,5017,5006,5000)
(10996,24,5020,5025,5024,5029,5040,5051)
(10997,20,5012,5018,5024,5030,5041,5047,5048)
(10998,16,5030,5024,5023,5017,5006)
(10999,6,5015,5009,5003,5002,5007,5018,5029,5040,5045,5050,5055)
(11000,12,5019,5024,5029,5040,5045,5050)
(11001,37,5057,5052,5041,5030,5019,5008,5003,5009)
(11002,16,5032,5021,5010)
(11003,12,5005,5016,5027,5038,5049,5055)
(11004,33,5032,5043,5054)
(11005,10,5019,5024,5029,5040,5051)
(11006,8,5029,5040,5051)
(11007,6,5027,5033,5039,5050,5055)
(11008,16,5030,5041,5047,5053,5059)
(11009,4,5023,5024,5030,5041,5047,5053,5058)
(11010,20,5012,5018,5024,5030,5041,5047,5053,5059)
(11011,20,5032,5021,5010)
(11012,27,5050,5039,5028,5023,5018)
(11013,25,5030,5041,5052,5058)
(11014,33,5007,5018,5024,5030)
(11015,37,5019,5024,5029,5040,5051)
(11016,23,5053,5047,5046,5040,5029,5024)
(11017,25,5053,5047,5041,5030,5024,5023,5017,5012)
(11018,10,5052,5047,5048,5043,5032,5021,5010,5004)
(11019,35,5020,5026,5032,5043)
(11020,20,5024,5023,5028,5039,5045,5051,5057)
(11021,1,5057,5051,5040,5029,5023,5017,5006)
(11022,31,5007,5018,5029,5035,5041,5052,5058)
(11023,10,5019,5024,5029,5040,5051,5057,5052)
(11024,16,5027,5033,5039,5050,5055)
(11025,25,5040,5029,5018,5012)
(11026,20,5000,5001,5007,5018,5024,5030,5041,5047,5048)
(11027,29,5029,5040,5051)
(11028,4,5011,5012,5018,5024,5030,5041,5047,5053,5059)
(11029,10,5036,5030,5024,5018,5007,5002)
(11030,12,5023,5024,5030,5041,5047,5053,5059)
(11031,10,5052,5041,5030,5024)
(11032,6,5027,5016,5005)
(11033,8,5039,5028,5017,5006,5000)
(11034,23,5012,5018,5024,5030,5041,5047,5053,5059)
(11035,8,5007,5018,5029,5040)
(11036,35,5028,5017,5006,5000)
(11037,6,5029,5040,5051)
(11038,25,5027,5033,5039,5050,5055)
(11039,23,5023,5024,5030,5041,5052,5058)
(11040,12,5007,5018,5024,5030,5041,5047,5048)
(11041,31,5019,5024,5023,5028,5039,5045,5051,5057)
(11042,37,5015,5020,5031,5042,5053,5059)
(11043,33,5021,5026,5031,5042,5053)
(11044,12,5005,5011,5017,5023,5024,5030,5041)
(11045,20,5054,5048,5047,5041,5030)
(11046,35,5057,5052,5041,5030,5019,5008,5003,5009)
(11047,35,5015,5020,5031,5042,5053,5059)
(11048,1,5057,5052,5041,5030,5019,5008,5003,5004)
(11049,25,5003,5009,5020,5031,5042,5047,5041)
(11050,33,5041,5030,5024,5023,5017,5006,5000)
(11051,12,5028,5017,5006,5000)
(11052,10,5029,5018,5007)
(11053,20,5023,5029,5040,5051)
(11054,4,5050,5039,5028)
(11055,10,5053,5048,5043,5032,5021,5010,5004,5003)
(11056,1,5045,5040,5029,5018,5013,5008)
(11057,12,5043,5032,5021,5015)
(11058,6,5027,5016,5005)
(11059,12,5052,5041,5030,5024)
(11060,6,5022,5023,5024,5030,5041,5052,5058)
(11061,31,5041,5030,5019,5008,5003,5004)
(11062,8,5024,5023,5028,5039,5045,5051,5057)
(11063,27,5032,5026,5025,5019,5008,5003)
(11064,23,5057,5051,5040,5029,5023,5017,5011,5016)
(11065,4,5027,5016,5005)
(11066,16,5023,5024,5030,5041,5052,5058)
(11067,35,5040,5029,5023,5017,5006,5000,5005)
(11068,29,5027,5016,5005)
(11069,20,5001,5007,5018,5029,5040)
(11070,29,5056,5057,5052,5041,5030,5019,5008,5003,5004)
(11071,37,5017,5023,5024,5030,5041,5047,5053,5058)
(11072,29,5023,5024,5030,5041,5047,5053,5058)
(11073,20,5055,5056,5057,5052,5041,5030,5024,5018,5007,5002,5008)
(11074,25,5051,5040,5029,5023,5017,5006,5000)
(11075,29,5054,5048,5047,5041,5030)
(11076,12,5014,5019,5024,5029,5040,5045,5050)
(11077,4,5031,5042,5053)
(11078,16,5057,5051,5040,5029,5023,5017,5006,5000,5005)
(11079,4,5040,5029,5023,5017,5006,5000,5005)
(11080,6,5043,5037,5031,5025,5024,5023,5017,5006)
(11081,13,5029,5023,5017,5006)
(11082,37,5029,5018,5007)
(11083,23,5002,5007,5018,5023,5028,5039)
(11084,37,5048,5043,5032,5021,5010)
(11085,16,5051,5040,5029,5018,5007)
(11086,31,5055,5050,5039,5028,5017)
(11087,1,5040,5029,5018,5007)
(11088,21,5024,5030,5041,5047,5053,5059)
(11089,31,5057,5052,5041,5030,5019,5008,5003,5004)
(11090,8,5057,5051,5040,5029,5023,5017,5006)
(11091,18,5036,5030,5024,5023,5017,5006)
(11092,15,5018,5029,5040)
(11093,4,5032,5043,5054)
(11094,27,5003,5009,5020,5031,5042,5047,5052)
(11095,8,5030,5041,5052,5058)
(11096,27,5004,5010,5021,5032,5043,5048,5042)
(11097,18,5011,5012,5018,5024,5030,5041,5047,5053,5059)
(11098,31,5048,5043,5032,5021,5010)
(11099,29,5055,5050,5039,5033,5027)
(11100,37,5057,5052,5041,5030,5019,5008,5003,5009)
(11101,8,5032,5021,5010)
(11102,33,5051,5040,5029,5023,5017,5006,5000,5005)
(11103,18,5041,5030,5019,5008,5003,5004)
(11104,37,5017,5028,5039)
(11105,29,5041,5030,5024,5023,5017,5012)
(11106,4,5043,5037,5031,5025,5024,5023,5017,5006)
(11107,1,5051,5040,5029,5018,5013,5008)
(11108,8,5058,5057,5051,5045,5039,5033,5027,5022)
(11109,13,5024,5023,5028,5039,5045,5051,5057)
(11110,15,5037,5031,5025,5024,5023,5017,5006,5000)
(11111,31,5028,5017,5006,5000)
(11112,10,5014,5019,5024,5029,5040,5045,5050)
(11113,1,5040,5029,5018,5007,5002,5003)
(11114,37,5030,5024,5023,5017,5006,5000)
(11115,35,5015,5014,5019,5024,5029,5040,5045,5050)
(11116,15,5017,5023,5029,5040)
(11117,13,5028,5017,5006,5000)
(11118,27,5039,5028,5017,5006,5000,5005)
(11119,21,5015,5020,5031,5042,5053,5059)
(11120,10,5057,5051,5040,5029,5018,5012)
(11121,25,5045,5040,5029,5018,5007)
(11122,29,5027,5016,5005)
(11123,4,5024,5023,5028,5039,5045,5051,5057)
(11124,35,5040,5029,5023,5017,5006)
(11125,27,5032,5043,5054)
(11126,16,5026,5032,5037,5042,5053,5059)
(11127,4,5036,5030,5024,5023,5017,5006,5000)
(11128,1,5028,5039,5044,5049,5055)
(11129,27,5027,5016,5005)
(11130,18,5015,5009,5003,5002,5007,5018,5029,5040,5045,5050,5055)
(11131,13,5040,5029,5023,5017,5006,5000)
(11132,18,5029,5023,5017,5006)
(11133,25,5029,5023,5017,5006,5000)
(11134,18,5051,5045,5039,5033,5027,5022)
(11135,10,5017,5028,5039)
(11136,18,5052,5047,5048,5043,5032,5021,5010,5004)
(11137,23,5000,5001,5007,5018,5024,5025,5026,5032,5037,5042)
(11138,6,5036,5030,5024,5023,5017,5006)
(11139,31,5041,5030,5024,5023,5017,5006,5000)
(11140,37,5044,5039,5028,5017,5006,5000,5005)
(11141,29,5047,5041,5030,5024,5023,5017,5006,5000)
(11142,29,5041,5030,5024,5018,5007)
(11143,35,5030,5041,5047,5053,5059)
(11144,35,5014,5020,5026,5032,5043)
(11145,1,5024,5030,5041,5047,5053,5058)
(11146,25,5001,5007,5018,5024,5030,5041)
(11147,27,5003,5008,5019,5030,5041,5047)
(11148,15,5012,5018,5029,5040,5045,5050)
(11149,21,5051,5040,5029,5023,5017,5006,5000,5005)
(11150,13,5003,5009,5020,5031,5042,5047,5052)
(11151,29,5055,5050,5039,5033,5027)
(11152,25,5028,5023,5018,5007,5001)
(11153,27,5024,5023,5028,5039,5045,5051,5057)
(11154,25,5015,5020,5031,5042,5053,5059)
(11155,21,5055,5050,5039,5033,5027)
(11156,23,5031,5042,5053)
(11157,23,5015,5020,5025,5024,5029,5040,5051)
(11158,18,5018,5029,5040,5045,5050,5055)
(11159,33,5007,5018,5029)
(11160,38,5009,5020,5026,5032,5037,5042,5053,5059)
(11161,16,5056,5057,5052,5041,5030,5019,5008,5003,5004,5010)
(11162,33,5007,5018,5029)
(11163,38,5012,5018,5024,5030,5041,5047,5048)
(11164,33,5003,5002,5007,5018,5023,5028,5039)
(11165,31,5055,5056,5057,5052,5041,5030,5019,5008,5003,5004,5010)
(11166,38,5029,5023,5017,5006,5000)
(11167,31,5000,5001,5002,5008,5014,5020,5026,5032)
(11168,35,5030,5041,5047,5053,5059)
(11169,18,5031,5042,5053)
(11170,29,5010,5021,5032,5037,5042)
(11171,4,5047,5041,5030,5024,5023,5017,5006,5000,5005)
(11172,31,5028,5039,5044,5049,5055)
(11173,8,5029,5023,5017,5006)
(11174,21,5022,5023,5024,5030,5041,5052,5058)
(11175,6,5032,5026,5025,5019,5008,5003)
(11176,13,5016,5027,5033,5039,5044)
(11177,27,5059,5058,5057,5051,5040,5029,5023,5017,5006,5000)
(11178,8,5030,5041,5047,5053,5059)
(11179,1,5007,5018,5029)
(11180,35,5002,5007,5018,5029,5040)
(11181,23,5008,5019,5024,5029,5040,5045,5050)
(11182,27,5044,5039,5028,5017,5006,5000,5005)
(11183,4,5043,5032,5021,5010,5004,5003,5008)
(11184,29,5011,5017,5023,5024,5030,5041,5047,5053,5058)
(11185,21,5011,5017,5023,5024,5030,5041,5047,5053,5058)
(11186,15,5030,5024,5018,5007)
(11187,1,5028,5017,5006,5000)
(11188,4,5001,5007,5018,5024,5030,5041,5047,5048)
(11189,10,5011,5017,5023,5024,5030,5041)
(11190,21,5055,5056,5057,5052,5041,5030,5019,5008,5003,5004,5010)
(11191,35,5000,5001,5007,5018,5029,5034,5039,5050,5055)
(11192,13,5029,5023,5017,5006)
(11193,19,5000,5006,5017,5028,5039,5044,5038)
(11194,27,5003,5002,5007,5018,5029,5040)
(11195,33,5041,5030,5024,5023,5017,5006,5000)
(11196,38,5020,5026,5032,5037,5042,5053,5059)
(11197,1,5009,5003,5002,5007,5018,5029,5040,5045,5050,5055)
(11198,1,5020,5031,5042,5047,5052)
(11199,6,5026,5032,5037,5042,5053,5059)
(11200,23,5015,5020,5031,5042,5053,5059)
(11201,4,5036,5030,5024,5018,5007)
(11202,23,5014,5020,5025,5030,5041,5047)
(11203,8,5023,5024,5030,5041,5052,5058)
(11204,15,5045,5040,5029,5018,5007,5002,5003)
(11205,25,5026,5032,5037,5042,5053,5059)
(11206,6,5007,5018,5029,5040,5045,5050)
(11207,19,5003,5002,5007,5018,5029,5035,5041)
(11208,13,5043,5037,5036,5030,5024,5023,5017,5006,5000,5005)
(11209,6,5000,5001,5007,5018,5024,5030,5036,5042,5053,5059)
(11210,10,5010,5021,5032,5043)
(11211,35,5040,5029,5018,5013,5008)
(11212,15,5029,5023,5017,5006,5000)
(11213,10,5026,5032,5037,5042,5053,5059)
(11214,13,5011,5017,5023,5024,5030,5041)
(11215,29,5041,5030,5024,5023,5017,5006,5000,5005)
(11216,23,5015,5020,5031,5042,5053,5059)
(11217,4,5041,5030,5024,5018,5012)
(11218,33,5017,5023,5024,5030,5041)
(11219,21,5041,5030,5019,5014,5009)
(11220,35,5053,5048,5043,5032,5021)
(11221,21,5023,5024,5030,5041,5047,5053,5059)
(11222,27,5011,5017,5023,5024,5030,5041)
(11223,1,5032,5043,5054)
(11224,21,5057,5051,5040,5029,5023,5017,5011,5016)
(11225,27,5028,5017,5006,5000)
(11226,27,5059,5058,5057,5051,5040,5029,5023,5017,5006,5000)
(11227,29,5056,5051,5040,5029,5018,5007,5002,5003)
(11228,36,5032,5043,5054)
(11229,16,5023,5024,5030,5041,5047,5053,5058)
(11230,27,5037,5031,5025,5024,5018,5007)
(11231,13,5026,5032,5037,5042,5053,5059)
(11232,4,5014,5020,5025,5030,5041,5047)
(11233,33,5055,5056,5051,5040,5029,5018,5013,5008)
(11234,4,5021,5026,5031,5042,5053)
(11235,19,5055,5056,5051,5040,5029,5018,5007,5002,5003)
(11236,10,5037,5032,5026,5025,5019,5008,5003)
(11237,19,5029,5035,5041,5052,5058)
(11238,38,5027,5016,5005)
(11239,15,5044,5045,5040,5029,5018,5007,5002,5003)
(11240,31,5030,5024,5023,5017,5006,5000)
(11241,16,5015,5014,5019,5024,5029,5040,5045,5050)
(11242,31,5021,5026,5031,5042,5053)
(11243,38,5007,5018,5023,5028,5039)
(11244,25,5032,5043,5054)
(11245,15,5028,5039,5044,5049,5055)
(11246,2,5037,5031,5025,5024,5023,5017,5006)
(11247,13,5007,5018,5029,5040)
(11248,15,5053,5047,5041,5030,5025)
(11249,31,5020,5026,5032,5043)
(11250,21,5026,5032,5037,5042,5053,5059)
(11251,6,5007,5018,5029,5035,5041,5052,5058)
(11252,13,5020,5025,5024,5029,5040,5051)
(11253,13,5001,5007,5018,5029,5040)
(11254,2,5005,5011,5017,5023,5029,5040)
(11255,6,5001,5007,5018,5029)
(11256,19,5018,5029,5035,5041,5052,5058)
(11257,25,5007,5018,5029,5040,5051)
(11258,8,5024,5030,5041,5047,5053,5059)
(11259,10,5057,5051,5040,5029,5023,5017,5006,5000,5005)
(11260,4,5012,5018,5024,5025,5026,5032,5037,5042)
(11261,33,5055,5056,5051,5040,5029,5018,5007,5002,5003)
(11262,19,5008,5019,5030,5041,5052,5058)
(11263,8,5057,5052,5041,5030,5019,5008,5003,5009)
(11264,4,5044,5039,5028,5023,5018,5007,5001)
(11265,23,5024,5023,5028,5039,5045,5051,5057)
(11266,2,5053,5048,5043,5032,5021,5010,5004,5003)
(11267,6,5031,5042,5053)
(11268,31,5059,5058,5057,5051,5040,5029,5023,5017,5011,5016)
(11269,31,5030,5041,5047,5053,5059)
(11270,19,5030,5041,5047,5053,5059)
(11271,4,5040,5029,5023,5017,5006)
(11272,23,5055,5050,5039,5028,5023,5018)
(11273,19,5054,5048,5047,5041,5030)
(11274,21,5004,5003,5002,5007,5018,5029,5040,5045,5050)
(11275,16,5044,5045,5040,5029,5018,5007)
(11276,2,5030,5041,5047,5053,5059)
(11277,15,5024,5030,5041,5047,5053,5058)
(11278,2,5036,5030,5024,5018,5007)
(11279,10,5043,5037,5031,5025,5024,5023,5017,5006,5000)
(11280,25,5026,5032,5037,5042,5053,5059)
(11281,10,5047,5041,5030,5024,5018,5007)
(11282,36,5054,5043,5032,5026,5025,5019,5008,5003)
(11283,25,5009,5003,5002,5007,5018,5029,5040,5045,5050,5055)
(11284,25,5008,5014,5020,5031,5037)
(11285,10,5043,5037,5031,5025,5024,5018,5007)
(11286,31,5045,5040,5029,5018,5007,5002,5003)
(11287,15,5053,5047,5041,5030,5024,5023,5017,5012)
(11288,16,5032,5026,5025,5019,5008,5003)
(11289,10,5026,5032,5037,5042,5053,5059)
(11290,38,5032,5021,5010)
(11291,25,5059,5058,5057,5051,5040,5029,5023,5017,5006,5000)
(11292,19,5008,5014,5020,5026,5032,5043)
(11293,31,5047,5041,5030,5024,5023,5017,5006,5000,5005)
(11294,4,5028,5023,5018,5007,5001)
(11295,36,5040,5029,5023,5017,5006)
(11296,10,5023,5024,5030,5041,5047,5053,5058)
(11297,4,5019,5024,5029,5040,5051)
(11298,8,5055,5050,5039,5028,5023,5018,5007,5001)
(11299,16,5021,5026,5031,5042,5053)
(11300,29,5014,5020,5026,5032,5037,5042,5053,5059)
(11301,8,5030,5024,5023,5017,5006,5000)
(11302,36,5052,5041,5030,5019,5008,5003,5004,5010)
(11303,23,5005,5011,5017,5023,5024,5030)
(11304,38,5028,5017,5006,5000)
(11305,23,5005,5016,5027,5033,5039,5044)
(11306,15,5032,5043,5054)
(11307,17,5044,5039,5028,5017,5006,5000,5005)
(11308,13,5014,5020,5026,5032,5037,5042,5053,5059)
(11309,19,5044,5045,5040,5029,5018,5007,5002,5003)
(11310,31,5029,5018,5007)
(11311,13,5055,5050,5039,5028,5017,5006,5000)
(11312,8,5052,5047,5042,5031,5025)
(11313,10,5053,5047,5046,5040,5029)
(11314,13,5007,5018,5029,5040,5045,5050)
(11315,36,5030,5019,5014,5009,5003)
(11316,31,5030,5019,5014,5009,5003)
(11317,36,5036,5030,5024,5023,5017,5006,5000)
(11318,23,5020,5026,5032,5043)
(11319,36,5052,5047,5042,5031,5025)
(11320,27,5054,5043,5032,5021,5010)
(11321,8,5010,5021,5032,5043,5054)
(11322,38,5044,5039,5028,5017,5006,5000)
(11323,25,5036,5030,5024,5018,5007,5002)
(11324,23,5016,5027,5038,5049,5055)
(11325,17,5052,5047,5042,5031,5025)
(11326,10,5051,5040,5029)
(11327,2,5014,5019,5024,5029,5040,5045,5050)
(11328,25,5019,5030,5041,5052,5058)
(11329,19,5027,5016,5005)
(11330,38,5059,5058,5057,5051,5040,5029,5018,5007)
(11331,19,5054,5043,5032,5026,5025,5024,5018,5007,5002)
(11332,27,5029,5018,5007)
(11333,31,5028,5017,5006,5000)
(11334,29,5041,5030,5019,5008,5003,5004)
(11335,2,5057,5051,5040,5029,5023,5017,5006)
(11336,33,5018,5029,5040)
(11337,6,5032,5043,5054)
(11338,25,5055,5056,5057,5052,5041,5030,5024,5018,5007,5002,5008)
(11339,31,5029,5023,5017,5006)
(11340,33,5045,5040,5029,5018,5007)
(11341,33,5040,5029,5018,5007)
(11342,25,5024,5030,5041,5047,5053,5059)
(11343,6,5020,5026,5032,5043)
(11344,15,5005,5011,5017,5028,5039)
(11345,23,5001,5007,5018,5029)
(11346,21,5055,5050,5039,5028,5017)
(11347,15,5036,5030,5024,5023,5017,5006,5000)
(11348,19,5037,5031,5025,5024,5018,5007)
(11349,19,5057,5051,5040,5029,5023,5017,5006,5000,5005)
(11350,2,5019,5024,5029,5040,5045,5050)
(11351,36,5005,5011,5017,5023,5029,5040,5051)
(11352,31,5054,5043,5032,5026,5025,5019,5008,5003)
(11353,27,5015,5020,5025,5024,5029,5040,5051)
(11354,17,5052,5041,5030,5024,5018,5007,5002,5008)
(11355,38,5003,5004,5010,5021,5032,5043,5048,5042)
(11356,38,5006,5017,5028,5039)
(11357,17,5051,5040,5029,5023,5017,5006,5000)
(11358,38,5001,5007,5018,5029,5040,5046,5047,5042)
(11359,23,5044,5045,5040,5029,5018,5007)
(11360,33,5029,5018,5007)
(11361,19,5019,5024,5023,5028,5039,5045,5051,5057)
(11362,23,5043,5032,5026,5025,5024,5018,5007,5002)
(11363,29,5022,5023,5024,5030,5041,5047,5053,5058)
(11364,2,5012,5018,5024,5025,5026,5032,5037,5042)
(11365,8,5040,5029,5018,5007)
(11366,33,5007,5018,5029,5040,5051)
(11367,36,5039,5028,5017)
(11368,33,5004,5003,5002,5007,5018,5029,5040)
(11369,10,5037,5031,5025,5024,5018,5007)
(11370,23,5024,5023,5028,5039,5045,5051,5057)
(11371,6,5059,5058,5057,5051,5040,5029,5023,5017,5006,5000)
(11372,33,5014,5020,5026,5032,5043)
(11373,21,5041,5030,5024,5023,5017,5006)
(11374,36,5039,5028,5017,5006,5000,5005)
(11375,17,5044,5039,5028,5017,5006,5000,5005)
(11376,21,5032,5043,5054)
(11377,13,5050,5056,5057,5052,5041,5030,5019,5008,5003,5004)
(11378,8,5019,5030,5041,5052,5058)
(11379,33,5007,5018,5029)
(11380,13,5040,5029,5018,5012)
(11381,31,5018,5029,5040)
(11382,23,5019,5024,5029,5040,5051)
(11383,19,5002,5008,5014,5020,5026,5032)
(11384,4,5032,5043,5054)
(11385,15,5021,5032,5043)
(11386,23,5043,5037,5031,5025,5024,5018,5007)
(11387,10,5055,5050,5039,5033,5027)
(11388,23,5050,5039,5028,5017)
(11389,8,5032,5026,5025,5024,5018,5007,5002)
(11390,36,5002,5007,5018,5029,5040)
(11391,15,5018,5029,5040,5045,5050)
(11392,36,5037,5031,5025,5024,5023,5017,5006)
(11393,27,5017,5023,5029,5040,5051)
(11394,4,5000,5001,5007,5018,5024,5025,5026,5032,5037,5042)
(11395,19,5024,5030,5041,5047,5053,5059)
(11396,21,5027,5033,5039,5050,5055)
(11397,13,5018,5024,5030,5041)
(11398,21,5022,5023,5024,5030,5041,5052,5058)
(11399,33,5003,5002,5007,5018,5029,5040,5051)
(11400,10,5012,5018,5024,5030,5041,5047,5048)
(11401,29,5047,5041,5030,5024,5023,5017,5012)
(11402,2,5009,5003,5002,5007,5018,5029,5040,5045,5050,5055)
(11403,23,5018,5029,5035,5041,5052,5058)
(11404,31,5001,5007,5018,5029,5040,5045,5050,5055)
(11405,10,5044,5039,5028,5023,5018,5013,5008,5003,5004)
(11406,6,5054,5043,5032,5021,5010,5004,5003,5008)
(11407,38,5003,5009,5020,5031,5036,5041)
(11408,17,5045,5040,5029,5018,5007,5002,5003)
(11409,23,5056,5057,5052,5041,5030,5019,5008,5003,5009)
(11410,13,5054,5043,5032,5026,5025,5024)
(11411,10,5027,5016,5005)
(11412,19,5041,5030,5019,5008,5003,5004)
(11413,27,5058,5057,5051,5040,5029,5023,5017,5011,5016)
(11414,13,5045,5040,5029,5018,5007)
(11415,38,5043,5032,5026,5025,5019,5008,5003)
(11416,6,5029,5035,5041,5052,5058)
(11417,8,5003,5002,5007,5018,5029,5040,5051)
(11418,8,5051,5040,5029,5023,5017,5006,5000,5005)
(11419,15,5056,5051,5040,5029,5018,5007,5002,5003)
(11420,17,5016,5027,5033,5039,5044)
(11421,15,5006,5017,5028,5039)
(11422,13,5041,5030,5024,5023,5017,5006,5000)
(11423,23,5010,5021,5032,5037,5042)
(11424,36,5022,5023,5024,5030,5041,5047,5053,5059)
(11425,27,5039,5028,5017,5006,5000,5005)
(11426,23,5039,5028,5017)
(11427,27,5030,5024,5018,5007)
(11428,10,5018,5024,5030,5041)
(11429,33,5036,5030,5024,5018,5007)
(11430,13,5027,5016,5005)
(11431,8,5043,5032,5021,5010)
(11432,4,5001,5007,5018,5029,5040,5045,5050,5055)
(11433,15,5040,5029,5023,5017,5006,5000,5005)
(11434,4,5032,5043,5054)
(11435,21,5003,5009,5020,5031,5042,5047,5041)
(11436,2,5018,5029,5040,5045,5050,5055)
(11437,25,5032,5021,5010)
(11438,31,5005,5011,5017,5023,5024,5030,5041)
(11439,11,5007,5018,5029)
(11440,13,5032,5043,5054)
(11441,11,5005,5016,5027,5033,5039,5044)
(11442,21,5021,5032,5043)
(11443,2,5026,5032,5037,5042,5053,5059)
(11444,4,5047,5041,5030,5024,5023,5017,5006)
(11445,38,5028,5023,5018,5007,5001)
(11446,19,5006,5012,5018,5029,5040,5045,5050)
(11447,27,5018,5024,5030,5041)
(11448,21,5005,5011,5012,5018,5029,5035,5041,5052,5058)
(11449,19,5036,5030,5024,5023,5017,5006,5000)
(11450,23,5059,5058,5057,5051,5040,5029,5023,5017,5006,5000)
(11451,13,5040,5029,5018,5007,5002,5003)
(11452,33,5045,5040,5029,5018,5007,5002,5003)
(11453,15,5027,5016,5005)
(11454,33,5032,5043,5054)
(11455,15,5022,5023,5024,5030,5041,5052,5058)
(11456,11,5029,5023,5017,5006,5000)
(11457,17,5019,5024,5029,5040,5051,5057,5052)
(11458,8,5047,5041,5030,5024,5023,5017,5006,5000,5005)
(11459,27,5048,5043,5032,5021,5015,5014)
(11460,8,5022,5023,5024,5030,5041,5052,5057)
(11461,8,5041,5030,5024,5023,5017,5006)
(11462,21,5044,5045,5040,5029,5018,5013,5008)
(11463,19,5029,5023,5017,5006)
(11464,38,5028,5039,5044,5049,5055)
(11465,36,5057,5051,5040,5029,5023,5017,5012)
(11466,6,5027,5016,5005)
(11467,31,5044,5045,5040,5029,5018,5013,5008)
(11468,17,5014,5020,5025,5030,5041,5047)
(11469,38,5055,5050,5039,5028,5017)
(11470,13,5009,5003,5002,5007,5018,5029,5040,5045,5050,5055)
(11471,23,5002,5007,5018,5029,5040,5045,5050,5055)
(11472,34,5018,5024,5030,5041)
(11473,25,5041,5030,5024,5023,5017,5006)
(11474,25,5057,5051,5040,5029,5023,5017,5011,5016)
(11475,36,5007,5018,5024,5030)
(11476,32,5036,5030,5024,5018,5007,5002)
(11477,36,5055,5050,5039,5028,5017,5006,5000,5005)
(11478,21,5010,5021,5032,5043,5054)
(11479,4,5021,5032,5043)
(11480,25,5030,5024,5023,5017,5006)
(11481,36,5023,5024,5030,5041,5047,5053,5058)
(11482,17,5009,5020,5026,5032,5037,5042,5053,5059)
(11483,19,5051,5040,5029,5023,5017,5006,5000)
(11484,36,5015,5014,5019,5024,5029,5040,5045,5050)
(11485,32,5039,5028,5017,5006,5000)
(11486,4,5044,5039,5028,5017,5006,5000,5005)
(11487,29,5023,5024,5030,5041,5047,5053,5058)
(11488,32,5003,5002,5007,5018,5029,5035,5041)
(11489,27,5018,5029,5040)
(11490,13,5043,5037,5036,5030,5024,5018,5012)
(11491,6,5003,5002,5007,5018,5029,5040,5051)
(11492,4,5032,5026,5025,5019,5008,5003)
(11493,15,5003,5002,5007,5018,5029,5040,5045,5044)
(11494,34,5006,5017,5023,5029,5040,5045,5039)
(11495,25,5052,5041,5030,5019,5008,5003,5004,5010)
(11496,11,5027,5016,5005)
(11497,8,5003,5004,5010,5021,5032,5043,5048,5042)
(11498,11,5015,5014,5019,5024,5029,5040,5045,5050)
(11499,21,5023,5024,5030,5041,5047,5053,5059)
(11500,38,5023,5024,5030,5041,5047,5053,5059)
(11501,34,5016,5027,5033,5039,5044)
(11502,25,5003,5002,5007,5018,5029,5040,5045,5044)
(11503,29,5015,5020,5031,5042,5053,5059)
(11504,38,5003,5002,5007,5018,5029,5040,5045,5044)
(11505,15,5032,5026,5025,5019,5008,5003)
(11506,34,5021,5032,5043)
(11507,23,5027,5016,5005)
(11508,23,5041,5030,5024,5023,5017,5006,5000)
(11509,11,5029,5018,5007)
(11510,8,5001,5007,5018,5024,5030,5041,5047,5053,5058)
(11511,11,5011,5017,5023,5029,5040,5051)
(11512,23,5051,5040,5029,5018,5007)
(11513,4,5032,5043,5054)
(11514,38,5036,5030,5024,5023,5017,5006,5000)
(11515,34,5027,5033,5039,5050,5055)
(11516,32,5032,5026,5025,5019,5008,5003)
(11517,25,5056,5051,5040,5029,5018,5007,5002,5003)
(11518,25,5030,5024,5023,5017,5006)
(11519,27,5023,5024,5030,5041,5047,5053,5059)
(11520,15,5022,5023,5024,5030,5041,5047,5053,5059)
(11521,8,5006,5012,5018,5029,5040,5045,5050)
(11522,25,5002,5008,5014,5020,5026,5032)
(11523,11,5028,5017,5006,5000)
(11524,4,5041,5030,5024,5023,5017,5006)
(11525,34,5032,5043,5054)
(11526,25,5008,5014,5020,5025,5030,5041,5047)
(11527,29,5007,5018,5029,5040,5045,5044)
(11528,32,5027,5016,5005)
(11529,11,5018,5024,5030,5041,5047,5053,5059)
(11530,17,5041,5030,5024,5023,5017,5006)
(11531,4,5028,5039,5044,5049,5055)
(11532,6,5031,5042,5053)
(11533,27,5054,5048,5047,5041,5030)
(11534,21,5054,5043,5032,5021,5015)
(11535,25,5037,5032,5026,5025,5019,5008,5003)
(11536,13,5036,5030,5024,5023,5017,5006,5000)
(11537,36,5007,5018,5029,5040)
(11538,2,5014,5020,5026,5032,5037,5042,5053,5059)
(11539,23,5040,5029,5023,5017,5006)
(11540,11,5011,5017,5023,5024,5030,5041,5047,5053,5058)
(11541,25,5007,5018,5029)
(11542,32,5043,5032,5021,5010)
(11543,38,5032,5043,5054)
(11544,15,5050,5039,5028)
(11545,21,5012,5018,5024,5025,5026,5032,5037,5042)
(11546,36,5043,5037,5031,5025,5024,5018,5007)
(11547,8,5056,5051,5040,5029,5018,5007,5002,5003)
(11548,2,5003,5009,5020,5031,5042,5047,5041)
(11549,2,5040,5029,5023,5017,5006)
(11550,17,5041,5030,5024,5018,5007,5002,5008)
(11551,27,5032,5026,5025,5024,5018,5007,5002)
(11552,6,5004,5003,5002,5007,5018,5029,5040)
(11553,17,5028,5023,5018,5007,5001)
(11554,6,5037,5031,5025,5024,5023,5017,5006,5000)
(11555,17,5006,5012,5018,5029,5040,5045,5050)
(11556,27,5054,5043,5032,5021,5015)
(11557,13,5055,5050,5039,5028,5023,5018,5007,5001)
(11558,17,5053,5048,5043,5032,5021,5010,5004,5003)
(11559,15,5012,5018,5029,5040,5045,5050)
(11560,19,5051,5040,5029,5023,5017,5011,5016)
(11561,29,5014,5019,5024,5029,5040,5045,5050)
(11562,21,5022,5023,5024,5030,5041,5052,5057)
(11563,21,5039,5028,5017)
(11564,34,5053,5047,5041,5030,5025)
(11565,2,5029,5035,5041,5052,5058)
(11566,34,5027,5016,5005)
(11567,8,5001,5007,5018,5029,5040,5051)
(11568,29,5003,5004,5010,5021,5032,5043,5048,5042)
(11569,17,5054,5043,5032)
(11570,27,5050,5039,5028,5023,5018,5007,5001)
(11571,8,5020,5026,5032,5043)
(11572,19,5037,5032,5026,5025,5019,5008,5003)
(11573,2,5028,5017,5006,5000)
(11574,32,5008,5014,5020,5026,5032,5037,5042,5053,5059)
(11575,32,5052,5041,5030,5024,5018,5007,5002,5008)
(11576,2,5019,5024,5029,5040,5051)
(11577,4,5057,5052,5041,5030,5024,5018,5007,5002,5008)
(11578,8,5054,5043,5032)
(11579,27,5011,5012,5018,5024,5030,5041,5047,5048)
(11580,6,5041,5030,5019,5008,5003,5004)
(11581,4,5023,5029,5040,5051)
(11582,4,5011,5017,5023,5029,5040,5051)
(11583,29,5022,5023,5024,5030,5041,5052,5058)
(11584,38,5030,5024,5023,5017,5006)
(11585,36,5059,5058,5057,5051,5040,5029,5023,5017,5006,5000,5005)
(11586,17,5028,5039,5044,5049,5055)
(11587,15,5052,5047,5042,5031,5025)
(11588,38,5030,5019,5014,5009,5003)
(11589,2,5043,5037,5036,5030,5024,5018,5012)
(11590,27,5000,5001,5007,5018,5024,5025,5026,5032,5037,5042)
(11591,34,5032,5043,5054)
(11592,27,5040,5029,5018,5007,5002,5003)
(11593,17,5032,5021,5010)
(11594,11,5053,5047,5041,5030,5024,5023,5017,5012)
(11595,29,5029,5023,5017,5006)
(11596,11,5016,5027,5033,5039,5044)
(11597,34,5029,5023,5017,5006)
(11598,6,5041,5030,5024,5023,5017,5006)
(11599,25,5041,5030,5024,5023,5017,5006,5000)
(11600,25,5043,5032,5021,5015)
(11601,11,5040,5029,5018,5013,5008)
(11602,15,5010,5021,5032)
(11603,13,5041,5030,5024,5018,5007)
(11604,6,5041,5030,5024,5018,5007)
(11605,6,5023,5024,5030,5041,5052,5058)
(11606,13,5005,5016,5027,5033,5039,5044)
(11607,23,5017,5023,5024,5030,5041)
(11608,21,5039,5028,5017,5006,5000,5005)
(11609,21,5002,5008,5014,5020,5026,5032)
(11610,2,5018,5024,5030,5041)
(11611,29,5027,5033,5039,5050)
(11612,38,5006,5017,5028,5039)
(11613,8,5001,5007,5018,5029,5040,5045,5044)
(11614,34,5005,5011,5017,5028,5039,5045,5040)
(11615,4,5028,5023,5018,5007,5001)
(11616,27,5019,5024,5029,5040,5045,5050,5055)
(11617,13,5031,5042,5053)
(11618,21,5032,5026,5025,5024,5018,5007,5002)
(11619,4,5028,5039,5044,5049,5055)
(11620,17,5028,5039,5044,5049,5055)
(11621,4,5005,5011,5017,5028,5039,5045,5040)
(11622,2,5023,5024,5030,5041,5047,5053,5058)
(11623,13,5057,5051,5040,5029,5018,5007)
(11624,32,5030,5024,5023,5017,5006)
(11625,32,5056,5057,5052,5041,5030,5019,5008,5003,5009)
(11626,2,5012,5018,5029,5040,5045,5050)
(11627,11,5043,5037,5031,5025,5024,5018,5007)
(11628,36,5018,5024,5030,5041,5047,5048)
(11629,9,5059,5058,5057,5051,5040,5029,5023,5017,5011,5016)
(11630,27,5029,5035,5041,5052,5058)
(11631,27,5028,5023,5018,5007,5001)
(11632,9,5022,5023,5024,5030,5041,5047,5053,5058)
(11633,11,5041,5030,5024,5018,5007,5002,5008)
(11634,6,5017,5023,5029,5040,5051)
(11635,19,5030,5041,5052,5058)
(11636,9,5036,5030,5024,5018,5007,5002)
(11637,11,5002,5007,5018,5023,5028,5039)
(11638,19,5009,5003,5002,5007,5018,5029,5040,5045,5050,5055)
(11639,29,5005,5011,5017,5023,5029,5040,5045,5039)
(11640,34,5044,5039,5028,5023,5018,5007,5001)
(11641,34,5051,5040,5029,5023,5017,5006)
(11642,19,5030,5041,5047,5053,5059)
(11643,19,5030,5041,5052,5058)
(11644,23,5019,5024,5029,5040,5051)
(11645,11,5019,5024,5029,5040,5045,5050,5055)
(11646,17,5036,5030,5024,5023,5017,5006,5000)
(11647,11,5029,5018,5007)
(11648,17,5047,5041,5030,5024,5023,5017,5006,5000)
(11649,27,5020,5026,5032,5037,5042,5053,5059)
(11650,15,5039,5028,5017,5006,5000,5005)
(11651,9,5011,5012,5018,5024,5030,5041,5047,5053,5059)
(11652,32,5018,5024,5030,5041)
(11653,27,5040,5029,5023,5017,5006,5000)
(11654,19,5015,5020,5031,5042,5047,5052)
(11655,25,5007,5018,5029,5040,5046,5047,5042)
(11656,23,5041,5030,5024,5023,5017,5006)
(11657,34,5004,5003,5002,5007,5018,5029,5040)
(11658,25,5007,5018,5029,5040,5045,5050)
(11659,2,5010,5021,5032)
(11660,6,5018,5024,5030,5041)
(11661,17,5022,5023,5024,5030,5041,5052,5057)
(11662,29,5044,5045,5040,5029,5018,5007)
(11663,4,5018,5024,5030,5041,5047,5053,5059)
(11664,9,5027,5016,5005)
(11665,11,5000,5006,5017,5028,5039,5044,5038)
(11666,13,5029,5018,5007)
(11667,21,5030,5041,5052,5058)
(11668,6,5006,5012,5018,5029,5040,5045,5050)
(11669,6,5017,5023,5029,5040,5051)
(11670,25,5040,5029,5018,5007,5002,5003)
(11671,38,5006,5012,5018,5029,5035,5041,5052,5058)
(11672,21,5048,5043,5032,5021,5010)
(11673,6,5009,5003,5002,5007,5018,5029,5040,5045,5050,5055)
(11674,9,5058,5057,5051,5045,5039,5033,5027,5022)
(11675,34,5002,5007,5018,5023,5028,5039)
(11676,19,5024,5030,5041,5047,5053,5059)
(11677,13,5027,5033,5039,5050)
(11678,25,5045,5040,5029,5018,5007,5002,5003)
(11679,17,5055,5050,5039,5028,5017)
(11680,29,5059,5058,5057,5051,5045,5039,5033,5027,5022)
(11681,17,5054,5048,5047,5041,5030,5025)
(11682,17,5030,5024,5018,5007)
(11683,27,5021,5026,5031,5042,5053)
(11684,38,5051,5040,5029,5018,5012)
(11685,11,5011,5017,5023,5029,5040)
(11686,15,5001,5007,5018,5024,5025,5026,5032,5037,5042)
(11687,27,5003,5009,5020,5031,5042,5047,5041)
(11688,11,5015,5014,5019,5024,5029,5040,5045,5050)
(11689,36,5032,5021,5010)
(11690,27,5018,5024,5030,5041)
(11691,25,5000,5001,5007,5018,5024,5025,5026,5032,5037,5042)
(11692,23,5041,5030,5024,5018,5007)
(11693,4,5018,5029,5040,5045,5050,5055)
(11694,38,5029,5023,5017,5006,5000)
(11695,11,5047,5041,5030,5024,5023,5017,5006,5000)
(11696,6,5009,5003,5002,5007,5018,5029,5040,5045,5050,5055)
(11697,13,5016,5027,5033,5039,5044)
(11698,11,5028,5017,5006,5000)
(11699,9,5050,5056,5057,5052,5041,5030,5019,5008,5003,5004)
(11700,15,5024,5030,5041,5047,5053,5059)
(11701,34,5003,5004,5010,5021,5032,5043,5048,5042)
(11702,15,5028,5017,5006,5000)
(11703,23,5017,5023,5029,5040)
(11704,21,5059,5058,5057,5051,5040,5029,5018,5012)
(11705,17,5053,5047,5041,5030,5024,5018,5007,5002,5003)
(11706,17,5029,5023,5017,5006)
(11707,25,5015,5020,5025,5024,5029,5040,5051)
(11708,11,5053,5047,5041,5030,5024,5018,5007,5002,5003)
(11709,2,5050,5056,5057,5052,5041,5030,5019,5008,5003,5004)
(11710,32,5007,5018,5029,5040,5045,5050,5055)
(11711,29,5057,5051,5040,5029,5023,5017,5006,5000,5005)
(11712,34,5024,5030,5041,5047,5053,5058)
(11713,27,5057,5051,5040,5029,5023,5017,5012)
(11714,15,5028,5017,5006,5000)
(11715,36,5029,5035,5041,5052,5058)
(11716,9,5018,5024,5030,5041)
(11717,38,5055,5050,5039,5028,5017)
(11718,27,5032,5043,5054)
(11719,34,5039,5028,5017,5006,5000)
(11720,4,5019,5030,5041,5052,5058)
(11721,2,5052,5041,5030,5019,5008,5003,5009)
(11722,21,5048,5043,5032,5021,5015,5014)
(11723,9,5029,5023,5017,5006,5000)
(11724,38,5055,5056,5051,5040,5029,5018,5007)
(11725,17,5023,5024,5030,5041,5052,5058)
(11726,36,5055,5050,5039,5028,5023,5018)
(11727,27,5044,5045,5040,5029,5018,5013,5008)
(11728,6,5041,5030,5024,5018,5007,5002,5008)
(11729,17,5023,5029,5040,5051)
(11730,4,5024,5023,5028,5039,5045,5051,5057)
(11731,15,5029,5023,5017,5006,5000)
(11732,32,5018,5024,5030,5041,5047,5053,5058)
(11733,27,5015,5020,5031,5042,5047,5052)
(11734,6,5002,5007,5018,5029,5040,5045,5044)
(11735,32,5057,5052,5041,5030,5019,5008,5003,5009)
(11736,21,5058,5057,5051,5040,5029,5023,5017,5006,5000,5005)
(11737,19,5030,5024,5018,5007)
(11738,23,5021,5026,5031,5042,5053)
(11739,13,5032,5043,5054)
(11740,11,5057,5051,5045,5039,5033,5027,5022)
(11741,29,5020,5031,5042,5047,5052)
(11742,4,5047,5041,5030,5024,5018,5007)
(11743,29,5043,5032,5021)
(11744,32,5003,5002,5007,5018,5029,5035,5041,5052)
(11745,27,5018,5029,5040)
(11746,13,5029,5035,5041,5052,5058)
(11747,34,5055,5056,5057,5052,5041,5030,5019,5008,5003,5004,5010)
(11748,2,5022,5023,5024,5030,5041,5052,5057)
(11749,15,5056,5057,5052,5041,5030,5019,5008,5003,5004,5010)
(11750,6,5055,5050,5039,5028,5017)
(11751,2,5027,5016,5005)
(11752,9,5052,5047,5042,5031,5025)
(11753,9,5037,5032,5026,5025,5019,5008,5003)
(11754,9,5030,5041,5047,5053,5059)
(11755,29,5027,5016,5005)
(11756,23,5040,5029,5023,5017,5006)
(11757,38,5048,5043,5032,5021,5015,5014)
(11758,15,5005,5016,5027,5038,5049,5055)
(11759,32,5052,5041,5030,5024)
(11760,29,5026,5032,5037,5042,5053,5059)
(11761,23,5040,5029,5018,5012)
(11762,11,5015,5009,5003,5002,5007,5018,5029,5040,5045,5050,5055)
(11763,15,5045,5040,5029,5018,5013,5008)
(11764,13,5043,5037,5036,5030,5024,5023,5017,5006,5000,5005)
(11765,23,5003,5002,5007,5018,5029,5040)
(11766,13,5027,5016,5005)
(11767,29,5020,5025,5030,5041,5047)
(11768,17,5004,5003,5002,5007,5018,5029,5040,5045,5050,5055)
(11769,34,5021,5026,5031,5042,5053)
(11770,32,5055,5056,5051,5040,5029,5018,5013,5008)
(11771,29,5004,5003,5002,5007,5018,5029,5035,5041)
(11772,19,5044,5039,5028,5017,5006,5000)
(11773,4,5045,5040,5029,5018,5007,5002,5003)
(11774,7,5029,5018,5007)
(11775,11,5014,5020,5025,5030,5041,5047)
(11776,27,5057,5052,5041,5030,5019,5008,5003,5009)
(11777,2,5053,5047,5046,5040,5029)
(11778,17,5020,5025,5030,5041,5047)
(11779,2,5015,5014,5019,5024,5029,5040,5045,5050)
(11780,36,5007,5018,5029,5035,5041,5052,5058)
(11781,19,5053,5047,5041,5030,5024,5023,5017,5012)
(11782,29,5052,5041,5030,5019,5008,5003,5004,5010)
(11783,17,5039,5028,5017,5006,5000)
(11784,11,5032,5043,5054)
(11785,27,5020,5025,5024,5029,5040,5051)
(11786,29,5029,5023,5017,5006)
(11787,4,5056,5057,5052,5041,5030,5019,5008,5003,5004,5010)
(11788,11,5024,5030,5041,5047,5053,5058)
(11789,15,5047,5041,5030,5024,5023,5017,5006,5000)
(11790,17,5055,5050,5039,5028,5017)
(11791,11,5047,5041,5030,5024,5018,5012)
(11792,7,5008,5014,5020,5031,5037)
(11793,21,5036,5030,5024,5023,5017,5006)
(11794,32,5004,5003,5002,5007,5018,5029,5040,5045,5044)
(11795,25,5032,5043,5054)
(11796,19,5036,5030,5024,5023,5017,5006,5000)
(11797,23,5008,5014,5020,5026,5032,5037,5042,5053,5059)
(11798,29,5057,5052,5041,5030,5024,5018,5007,5002,5008)
(11799,25,5037,5031,5025,5024,5023,5017,5006)
(11800,28,5003,5008,5019,5030,5041,5047)
(11801,32,5043,5032,5021,5015,5014,5008,5002,5007)
(11802,38,5041,5030,5019,5014,5009)
(11803,36,5043,5037,5031,5025,5024,5023,5017,5006,5000)
(11804,15,5026,5032,5037,5042,5053,5059)
(11805,25,5041,5030,5019,5014,5009,5003)
(11806,2,5047,5041,5030,5024,5018,5007)
(11807,15,5024,5030,5041,5047,5053,5058)
(11808,7,5051,5040,5029,5023,5017,5012)
(11809,15,5056,5057,5052,5041,5030,5024,5018,5007,5002,5008)
(11810,28,5028,5023,5018,5007,5001)
(11811,9,5026,5032,5037,5042,5053,5059)
(11812,36,5020,5026,5032,5037,5042,5053,5059)
(11813,21,5056,5051,5040,5029,5018,5007)
(11814,28,5057,5051,5040,5029,5023,5017,5006)
(11815,38,5020,5025,5030,5041,5047)
(11816,23,5029,5018,5007)
(11817,7,5036,5030,5024,5023,5017,5006,5000)
(11818,28,5043,5032,5026,5025,5024,5018,5007,5002)
(11819,17,5007,5018,5024,5030,5036,5042,5053,5059)
(11820,28,5022,5023,5024,5030,5041,5047,5053,5059)
(11821,23,5010,5015,5020,5031,5042,5047,5052)
(11822,38,5032,5043,5054)
(11823,32,5014,5020,5026,5032,5043)
(11824,9,5005,5016,5027,5038,5049,5055)
(11825,11,5032,5043,5054)
(11826,36,5027,5016,5005)
(11827,2,5006,5017,5028,5039)
(11828,11,5022,5023,5024,5030,5041,5052,5058)
(11829,38,5030,5019,5014,5009,5003)
(11830,15,5051,5040,5029,5018,5007,5002,5003)
(11831,4,5047,5041,5030,5024,5023,5017,5006)
(11832,11,5005,5011,5017,5023,5024,5030,5041,5047,5053,5058)
(11833,9,5053,5047,5046,5040,5029,5024)
(11834,9,5052,5041,5030,5024,5018,5007,5002,5008)
(11835,29,5028,5017,5006,5000)
(11836,9,5029,5035,5041,5052,5058)
(11837,4,5029,5023,5017,5006,5000)
(11838,25,5036,5030,5024,5023,5017,5006,5000)
(11839,34,5027,5016,5005)
(11840,9,5015,5009,5003,5002,5007,5018,5029,5040,5045,5050,5055)
(11841,17,5044,5039,5028,5017,5006,5000)
(11842,17,5028,5039,5044,5049,5055)
(11843,17,5005,5011,5017,5023,5029,5040,5051)
(11844,15,5050,5039,5028,5017,5006,5000)
(11845,17,5043,5032,5026,5025,5024,5018,5007,5002)
(11846,2,5028,5023,5018,5007,5001)
(11847,7,5022,5023,5024,5030,5041,5052,5058)
(11848,36,5045,5040,5029,5018,5007,5002,5003)
(11849,23,5003,5002,5007,5018,5029,5035,5041)
(11850,28,5032,5043,5054)
(11851,36,5041,5030,5024,5023,5017,5012)
(11852,25,5011,5012,5018,5029,5035,5041,5052,5058)
(11853,21,5047,5041,5030,5024,5018,5007,5002,5003)
(11854,21,5006,5017,5028,5039)
(11855,23,5029,5023,5017,5006,5000)
(11856,34,5040,5029,5018,5007)
(11857,34,5003,5002,5007,5018,5029,5035,5041,5052)
(11858,32,5022,5023,5024,5030,5041,5052,5057)
(11859,9,5030,5024,5018,5007)
(11860,2,5005,5011,5017,5028,5039,5045,5040)
(11861,17,5040,5029,5023,5017,5006,5000,5005)
(11862,28,5007,5018,5029)
(11863,7,5050,5056,5057,5052,5041,5030,5019,5008,5003,5004)
(11864,11,5044,5039,5028,5017,5006,5000,5005)
(11865,34,5032,5043,5054)
(11866,17,5018,5029,5035,5041,5052,5058)
(11867,38,5029,5023,5017,5006)
(11868,13,5044,5039,5028,5017,5006,5000,5005)
(11869,13,5011,5012,5018,5029,5040,5045,5050,5055)
(11870,28,5030,5041,5047,5053,5059)
(11871,34,5029,5023,5017,5006,5000)
(11872,38,5015,5020,5031,5042,5053,5059)
(11873,21,5007,5018,5029,5035,5041,5052,5058)
(11874,23,5015,5020,5031,5042,5047,5052)
(11875,2,5040,5029,5023,5017,5006)
(11876,28,5007,5018,5029,5040)
(11877,29,5052,5041,5030,5019,5008,5003,5004,5010)
(11878,38,5052,5041,5030,5019,5008,5003,5009)
(11879,38,5018,5024,5030,5041)
(11880,28,5029,5035,5041,5052,5058)
(11881,13,5045,5040,5029,5018,5007,5002,5003)
(11882,25,5018,5029,5040,5051)
(11883,13,5005,5016,5027,5038,5049,5055)
(11884,2,5011,5017,5028,5039)
(11885,9,5018,5024,5030,5041,5047,5053,5059)
(11886,9,5012,5018,5024,5025,5026,5032,5037,5042)
(11887,7,5029,5035,5041,5052,5058)
(11888,21,5020,5025,5030,5041,5047)
(11889,34,5059,5058,5057,5051,5040,5029,5018,5012)
(11890,7,5044,5039,5028,5023,5018,5007,5001)
(11891,25,5041,5030,5019,5008,5003,5004)
(11892,21,5052,5041,5030,5024,5018,5007,5002,5008)
(11893,7,5012,5018,5024,5025,5026,5032,5037,5042)
(11894,7,5023,5024,5030,5041,5052,5058)
(11895,32,5039,5028,5023,5018,5007,5001)
(11896,15,5005,5011,5017,5028,5039,5045,5040)
(11897,38,5037,5032,5026,5025,5019,5008,5003)
(11898,11,5057,5052,5041,5030,5024,5018,5007,5002,5008)
(11899,34,5030,5041,5052,5058)
(11900,21,5057,5051,5040,5029,5018,5012)
(11901,15,5007,5018,5024,5030,5041,5047,5048)
(11902,2,5052,5047,5042,5031,5025)
(11903,4,5057,5052,5041,5030,5024,5018,5007,5002,5008)
(11904,19,5045,5040,5029,5018,5007,5002,5003)
(11905,17,5012,5018,5029,5040,5045,5050,5055)
(11906,2,5043,5032,5021)
(11907,17,5026,5032,5037,5042,5053,5059)
(11908,9,5015,5009,5003,5002,5007,5018,5029,5040,5045,5050,5055)
(11909,36,5012,5018,5029,5040,5045,5050,5055)
(11910,17,5029,5040,5051)
(11911,15,5023,5024,5030,5041,5047,5053,5058)
(11912,17,5030,5024,5023,5017,5006)
(11913,34,5003,5002,5007,5018,5029,5040,5051)
(11914,13,5040,5029,5023,5017,5012)
(11915,4,5051,5040,5029,5018,5012)
(11916,9,5027,5033,5039,5050,5055)
(11917,25,5030,5041,5047,5053,5059)
(11918,25,5007,5018,5024,5030,5041,5047,5053,5058)
(11919,9,5005,5016,5027,5038,5049,5055)
(11920,7,5027,5016,5005)
(11921,11,5032,5043,5054)
(11922,13,5007,5018,5029,5040,5045,5050,5055)
(11923,2,5010,5015,5020,5031,5042,5047,5052)
(11924,7,5040,5029,5023,5017,5006,5000)
(11925,38,5054,5043,5032,5021,5015,5014,5008,5002,5007)
(11926,25,5055,5050,5039,5028,5023,5018,5007,5001)
(11927,4,5001,5007,5018,5024,5030,5041)
(11928,21,5019,5024,5029,5040,5051,5057,5052)
(11929,13,5026,5032,5037,5042,5053,5059)
(11930,30,5030,5041,5052,5058)
(11931,4,5057,5051,5040,5029,5023,5017,5006,5000,5005)
(11932,23,5039,5028,5017)
(11933,36,5004,5003,5002,5007,5018,5029,5035,5041)
(11934,9,5032,5043,5054)
(11935,7,5030,5041,5052,5058)
(11936,38,5008,5019,5030,5041,5052,5058)
(11937,15,5003,5009,5020,5031,5042,5047,5041)
(11938,2,5019,5024,5029,5040,5051)
(11939,34,5008,5019,5030,5041,5052,5058)
(11940,15,5036,5030,5024,5018,5007,5002)
(11941,30,5032,5043,5054)
(11942,17,5024,5030,5041,5047,5053,5058)
(11943,2,5050,5039,5028)
(11944,28,5029,5023,5017,5006)
(11945,28,5018,5024,5030,5041,5047,5053,5059)
(11946,34,5028,5023,5018,5007,5001)
(11947,11,5030,5041,5052,5058)
(11948,19,5043,5032,5021,5010)
(11949,11,5030,5024,5023,5017,5006,5000)
(11950,34,5040,5029,5023,5017,5012)
(11951,15,5050,5039,5028,5023,5018)
(11952,23,5003,5002,5007,5018,5029,5035,5041)
(11953,21,5057,5051,5040,5029,5023,5017,5006)
(11954,32,5036,5030,5024,5018,5007)
(11955,11,5043,5037,5031,5025,5024,5018,5007)
(11956,2,5032,5043,5054)
(11957,30,5010,5021,5026,5031,5042,5053)
(11958,21,5017,5023,5029,5040)
(11959,7,5030,5041,5047,5053,5059)
(11960,38,5051,5040,5029)
(11961,5,5050,5039,5028,5017,5006,5000,5005)
(11962,38,5012,5018,5024,5030,5041,5047,5053,5059)
(11963,11,5014,5020,5025,5030,5041,5047)
(11964,34,5011,5017,5023,5029,5040,5051)
(11965,21,5015,5009,5003,5002,5007,5018,5029,5040,5045,5050,5055)
(11966,38,5045,5040,5029,5018,5007)
(11967,34,5031,5042,5053)
(11968,34,5031,5042,5053)
(11969,25,5021,5032,5043)
(11970,32,5029,5023,5017,5006,5000)
(11971,34,5030,5019,5014,5009,5003)
(11972,25,5003,5004,5010,5021,5032,5043,5048,5042)
(11973,11,5027,5016,5005)
(11974,38,5036,5030,5024,5018,5007,5002)
(11975,28,5047,5041,5030,5024,5018,5012)
(11976,21,5043,5032,5021,5015,5014,5008,5002,5007)
(11977,11,5022,5023,5024,5030,5041,5052,5058)
(11978,19,5044,5045,5040,5029,5018,5013,5008)
(11979,11,5017,5023,5029,5040,5051)
(11980,38,5008,5014,5020,5026,5032,5037,5042,5053,5059)
(11981,34,5056,5051,5040,5029,5018,5013,5008)
(11982,9,5023,5029,5040,5051)
(11983,38,5040,5029,5023,5017,5006,5000,5005)
(11984,15,5059,5058,5057,5051,5040,5029,5023,5017,5006,5000)
(11985,23,5004,5010,5021,5032,5043,5048,5042)
(11986,15,5055,5056,5051,5040,5029,5018,5013,5008)
(11987,2,5036,5030,5024,5018,5007,5002)
(11988,17,5001,5007,5018,5024,5030,5041)
(11989,30,5023,5024,5030,5041,5052,5058)
(11990,28,5040,5029,5023,5017,5006,5000)
(11991,21,5018,5029,5035,5041,5052,5058)
(11992,7,5032,5021,5010)
(11993,5,5050,5039,5028,5017)
(11994,5,5057,5051,5040,5029,5023,5017,5006,5000)
(11995,36,5047,5041,5030,5024,5023,5017,5006,5000)
(11996,21,5001,5007,5018,5024,5030,5041,5047,5048)
(11997,2,5055,5056,5051,5040,5029,5018,5007)
(11998,30,5015,5020,5025,5024,5029,5040,5051)
(11999,26,5058,5057,5051,5040,5029,5023,5017,5006,5000)
(12000,2,5056,5051,5040,5029,5018,5007,5002,5003)
(12001,5,5015,5014,5019,5024,5029,5040,5045,5050)
(12002,28,5027,5016,5005)
(12003,5,5020,5026,5032,5037,5042,5053,5059)
(12004,24,5001,5007,5018,5024,5025,5026,5032,5037,5042)
(12005,9,5007,5018,5024,5030,5036,5042,5053,5059)
(12006,5,5015,5020,5031,5042,5053,5059)
(12007,24,5023,5024,5030,5041,5047,5053,5059)
(12008,7,5024,5030,5041,5047,5053,5058)
(12009,26,5028,5023,5018,5007,5001)
(12010,5,5011,5017,5028,5039)
(12011,2,5004,5003,5002,5007,5018,5029,5040,5051)
(12012,30,5023,5024,5030,5041,5047,5053,5058)
(12013,5,5057,5052,5041,5030,5019,5008,5003,5009)
(12014,38,5007,5018,5024,5030)
(12015,30,5041,5030,5024,5023,5017,5006,5000)
(12016,38,5027,5016,5005)
(12017,19,5020,5031,5042,5053)
(12018,36,5051,5040,5029,5018,5013,5008)
(12019,13,5019,5024,5029,5040,5051)
(12020,32,5057,5051,5040,5029,5023,5017,5006)
(12021,13,5029,5023,5017,5006)
(12022,5,5041,5030,5019,5014,5009)
(12023,30,5028,5017,5006,5000)
(12024,2,5059,5058,5057,5051,5040,5029,5018,5007)
(12025,5,5050,5039,5028)
(12026,13,5015,5020,5031,5042,5053,5059)
(12027,11,5030,5019,5014,5009,5003)
(12028,2,5057,5051,5040,5029,5023,5017,5006,5000)
(12029,24,5032,5026,5025,5019,5008,5003)
(12030,32,5028,5017,5006,5000)
(12031,19,5045,5040,5029,5018,5013,5008)
(12032,2,5001,5007,5018,5029)
(12033,9,5001,5007,5018,5029,5040)
(12034,9,5032,5043,5054)
(12035,36,5059,5058,5057,5051,5040,5029,5023,5017,5006)
(12036,11,5040,5029,5023,5017,5006,5000,5005)
(12037,28,5024,5030,5041,5047,5053,5058)
(12038,21,5005,5011,5017,5023,5024,5030,5041)
(12039,13,5032,5043,5054)
(12040,26,5044,5045,5040,5029,5018,5007)
(12041,32,5036,5030,5024,5018,5007,5002)
(12042,34,5007,5018,5024,5030)
(12043,13,5037,5031,5025,5024,5018,5007)
(12044,24,5018,5024,5030,5041,5047,5053,5059)
(12045,30,5029,5023,5017,5006,5000)
(12046,26,5029,5023,5017,5006,5000)
(12047,26,5059,5058,5057,5051,5040,5029,5018,5007)
