(10000,81,5029,5040,5046,5052,5058)
(10001,1,5030,5041,5052)
(10002,19,5016,5027,5038,5049)
(10003,92,5057,5051,5040,5029,5023,5017,5011)
(10004,64,5035,5029,5023,5017,5006)
(10005,41,5028,5017,5006)
(10006,14,5029,5023,5017,5006)
(10007,111,5036,5035,5029,5018,5012,5006)
(10008,24,5049,5038,5027,5016,5005)
(10009,82,5043,5032,5026,5025,5024,5023,5017)
(10010,112,5051,5040,5029,5023,5017,5006)
(10011,113,5029,5040,5051)
(10012,15,5029,5023,5017,5006)
(10013,114,5053,5047,5041,5030,5025,5026,5021)
(10014,65,5030,5041,5052,5058,5059)
(10015,77,5005,5016,5027,5033,5034,5035,5041)
(10016,74,5035,5029,5023,5022,5016,5005)
(10017,38,5018,5029,5040,5045,5050)
(10018,8,5027,5038,5049)
(10019,115,5024,5025,5031,5042,5053)
(10020,32,5040,5029,5024,5025,5020,5009)
(10021,93,5021,5032,5043,5054,5059)
(10022,116,5003,5009,5020,5031,5042,5048)
(10023,16,5029,5023,5017,5006)
(10024,48,5044,5045,5040,5029,5024,5025,5020,5009)
(10025,20,5053,5042,5031,5025)
(10026,53,5039,5028,5017,5011)
(10027,66,5032,5043,5054)
(10028,83,5003,5009,5020,5031,5042,5053)
(10029,35,5032,5043,5054)
(10030,21,5039,5028,5017,5006)
(10031,49,5050,5045,5040,5029,5024,5025,5020,5009)
(10032,117,5017,5028,5034,5035,5041,5052)
(10033,94,5051,5040,5035,5030,5025,5026,5021,5010)
(10034,95,5001,5002,5003,5009,5020,5031)
(10035,2,5005,5016,5027)
(10036,25,5016,5027,5038,5049,5055)
(10037,9,5027,5016,5005)
(10038,96,5058,5057,5051,5040,5035,5030,5025,5026,5021,5010)
(10039,67,5020,5031,5042,5053,5059)
(10040,80,5055,5050,5045,5040,5035,5030,5025,5026,5021,5010)
(10041,10,5030,5041,5052)
(10042,46,5055,5050,5039,5034,5029,5018)
(10043,78,5040,5029,5018)
(10044,97,5036,5035,5029,5018,5012,5006)
(10045,98,5001,5002,5003,5009,5020,5031,5042)
(10046,75,5035,5029,5023,5022,5016,5005)
(10047,11,5030,5041,5052)
(10048,36,5005,5016,5027,5038,5049)
(10049,118,5008,5019,5025,5031)
(10050,84,5024,5030,5041,5052)
(10051,119,5013,5019,5025,5031,5042,5048)
(10052,3,5028,5039,5050)
(10053,120,5018,5024,5025,5031,5042,5048)
(10054,85,5012,5013,5019,5030,5041,5052,5058)
(10055,68,5001,5002,5008,5019,5030)
(10056,54,5030,5041,5052,5058)
(10057,39,5055,5050,5039,5034,5029,5024,5019)
(10058,69,5032,5021,5010,5004,5003)
(10059,121,5003,5009,5020,5031,5042)
(10060,99,5028,5034,5035,5036,5042,5053,5059)
(10061,72,5021,5032,5043,5054,5059,5058)
(10062,4,5008,5019,5030)
(10063,122,5022,5028,5034,5040,5051)
(10064,123,5036,5035,5029,5018,5012,5006,5000)
(10065,50,5007,5018,5029,5040,5045,5050,5055)
(10066,100,5058,5057,5051,5040,5029,5023,5022,5016)
(10067,26,5032,5043,5054)
(10068,124,5004,5009,5020,5025,5030,5041,5052,5057)
(10069,40,5018,5029,5040,5045,5050)
(10070,70,5030,5041,5052,5058,5059)
(10071,55,5053,5042,5031,5025)
(10072,86,5057,5051,5040,5029,5023,5017,5006)
(10073,101,5036,5035,5029,5018,5012,5006)
(10074,102,5051,5040,5029,5023)
(10075,56,5031,5042,5053,5059)
(10076,103,5051,5040,5029,5023,5017,5006)
(10077,17,5001,5006,5017,5028,5039,5045)
(10078,76,5001,5006,5017,5028,5039,5050)
(10079,125,5029,5035,5041,5052)
(10080,51,5032,5026,5025,5024,5023,5017,5006)
(10081,104,5013,5019,5030,5041)
(10082,33,5040,5029,5023,5022,5016,5005)
(10083,105,5054,5043,5032,5021,5010)
(10084,87,5019,5030,5041,5047,5048)
(10085,61,5052,5041,5030,5025,5026,5021)
(10086,47,5044,5045,5040,5029,5018,5007)
(10087,27,5029,5023,5022,5016,5005)
(10088,37,5032,5043,5054)
(10089,57,5035,5029,5018,5007)
(10090,106,5008,5019,5030,5036)
(10091,88,5053,5047,5041,5030,5025,5020,5009)
(10092,71,5040,5029,5023,5022,5016)
(10093,12,5027,5016,5005)
(10094,42,5030,5019,5008)
(10095,13,5032,5021,5010)
(10096,107,5057,5051,5040,5029,5023)
(10097,126,5023,5029,5035,5041,5052,5058)
(10098,62,5021,5032,5043)
(10099,63,5054,5043,5032,5021)
(10100,5,5028,5039,5050)
(10101,28,5017,5028,5039,5050,5055)
(10102,43,5028,5017,5006)
(10103,73,5005,5011,5017,5028,5039,5050,5056,5057,5058,5059)
(10104,108,5018,5029,5040,5051)
(10105,29,5030,5041,5052,5058,5059)
(10106,58,5039,5028,5017,5011)
(10107,109,5009,5020,5025,5030,5041,5052,5057)
(10108,6,5038,5027,5016)
(10109,44,5028,5039,5050)
(10110,18,5020,5031,5037,5043)
(10111,34,5050,5039,5034,5029,5024,5019)
(10112,22,5031,5042,5053,5059)
(10113,79,5044,5045,5040,5035,5030,5025,5020,5009)
(10114,89,5016,5027,5033,5034,5040,5046,5047,5048)
(10115,59,5006,5017,5028,5039)
(10116,90,5046,5040,5029,5023,5017,5006)
(10117,91,5028,5034,5040,5051)
(10118,23,5016,5027,5038,5044)
(10119,30,5039,5028,5017,5011,5005)
(10120,45,5028,5017,5006)
(10121,127,5051,5040,5029,5023,5022,5016)
(10122,31,5017,5028,5039,5050,5055)
(10123,60,5053,5042,5031,5020)
(10124,52,5041,5030,5025,5020,5009)
(10125,110,5019,5030,5041,5052,5058)
(10126,128,5009,5020,5031,5042,5053)
(10127,7,5028,5017,5006)
