(10000,19,5006,5017,5022,5026,5037,5043,5048,5053)
(10001,43,5006,5017,5022,5026,5032)
(10002,35,5039,5033,5027,5017,5006)
(10003,17,5005,5016,5022,5027,5033,5034,5040)
(10004,1,5023,5029,5040,5050)
(10005,35,5030,5041,5051)
(10006,40,5027,5033,5039,5044,5050,5055)
(10007,19,5046,5042,5031,5025,5024,5019,5014,5009,5003)
(10008,40,5009,5020,5024,5029,5040,5045,5041)
(10009,8,5052,5042,5031,5025,5024,5023,5018,5012,5006,5000,5005)
(10010,14,5003,5009,5020,5030,5036,5042,5052)
(10011,14,5047,5043,5038,5027,5017,5012,5013)
(10012,3,5005,5016,5026,5032,5038,5048,5053,5047)
(10013,1,5019,5024,5025,5031,5036,5041,5051,5057,5052)
(10014,19,5020,5030,5036,5042,5052,5057,5056,5050,5045)
(10015,40,5003,5002,5001,5006,5017,5027,5032,5037,5047,5053,5048)
(10016,25,5048,5038,5027,5022,5016,5011)
(10017,43,5007,5013,5019,5024,5030,5041,5045,5040)
(10018,25,5021,5031,5036,5041,5051,5057,5052)
(10019,14,5028,5039,5044,5050,5055)
(10020,30,5029,5019,5008,5002,5001)
(10021,30,5031,5025,5024,5023,5018,5007)
(10022,1,5030,5041,5051)
(10023,11,5051,5046,5042,5031,5021)
(10024,17,5042,5031,5025,5024,5023,5018)
(10025,17,5056,5057,5052,5042,5031,5021,5015,5009,5004)
(10026,5,5057,5052,5042,5031,5025,5024,5023,5028,5033,5027)
(10027,46,5033,5027,5017,5006)
(10028,22,5051,5056,5055,5054,5048,5038,5027,5017,5006)
(10029,22,5007,5018,5028,5033,5038,5048,5053,5047)
(10030,19,5000,5005,5016,5026,5037,5043,5048,5054,5055)
(10031,11,5016,5022,5027,5038,5048,5054,5055)
(10032,43,5025,5031,5042,5052)
(10033,22,5026,5016,5011,5006,5000)
(10034,27,5007,5018,5028,5033,5038,5048,5053,5047)
(10035,19,5000,5006,5017,5027,5033)
(10036,38,5056,5057,5052,5042,5031,5021,5015,5009,5004)
(10037,33,5010,5021,5031)
(10038,35,5029,5019,5008)
(10039,11,5045,5044,5039,5028,5018)
(10040,35,5042,5031,5025,5024,5019,5008,5002,5001,5006,5011,5005)
(10041,40,5021,5031,5042,5052)
(10042,8,5027,5038,5048,5054,5055)
(10043,3,5042,5031,5021)
(10044,25,5003,5002,5007,5018,5028,5033,5032,5037,5047)
(10045,8,5003,5009,5020,5024,5029,5040)
(10046,43,5024,5030,5041,5051)
(10047,27,5026,5037,5043,5048,5054,5055)
(10048,22,5046,5042,5031,5025,5024,5019,5014,5009,5003)
(10049,33,5052,5042,5031,5025,5024,5023,5018,5012,5006,5000,5005)
(10050,27,5056,5055,5054,5048,5038,5027,5017,5006)
(10051,8,5019,5024,5025,5031,5036,5041,5051,5057,5052)
(10052,5,5026,5016,5011,5006,5000)
(10053,30,5031,5042,5052)
(10054,17,5047,5043,5038,5027,5022,5016,5005,5000,5001,5007,5012)
(10055,38,5052,5042,5036,5030,5025)
(10056,46,5000,5006,5017,5022,5026,5037,5043,5048,5054,5055)
(10057,8,5038,5027,5017,5006,5001,5007,5013,5014,5009,5003)
(10058,22,5027,5033,5039,5044,5050,5056,5057)
(10059,40,5013,5014,5020,5030,5041,5051,5057,5052)
(10060,3,5033,5027,5022,5016,5011,5006,5000)
(10061,27,5009,5020,5024,5029,5040,5045,5041)
(10062,11,5027,5033,5039,5044,5050,5055)
(10063,1,5025,5031,5042,5052)
(10064,38,5009,5020,5030,5041,5051)
(10065,35,5009,5020,5030,5036,5042,5052,5057,5056,5050,5045)
(10066,43,5026,5016,5011,5006,5000)
(10067,27,5019,5029,5040,5050)
(10068,17,5045,5044,5049,5054,5053,5047,5037,5026,5022,5017,5006,5000,5005)
(10069,38,5011,5017,5027,5038,5048)
(10070,30,5006,5017,5027,5032,5037,5047,5053,5048)
(10071,33,5020,5030,5036,5042,5052,5057,5056,5050,5045)
(10072,30,5050,5040,5029)
(10073,8,5027,5017,5006)
(10074,22,5038,5027,5017,5006,5001,5007,5013,5014,5009,5003)
(10075,35,5025,5031,5042,5052)
(10076,30,5048,5038,5027,5017,5012,5013,5014)
(10077,17,5048,5038,5027,5017,5006)
(10078,25,5042,5031,5021,5015,5014,5008,5003)
(10079,38,5042,5031,5021,5010)
(10080,11,5003,5009,5020,5024,5029,5040,5045,5041)
(10081,27,5027,5022,5016,5011,5006,5000)
(10082,1,5038,5027,5017,5006)
(10083,33,5021,5031,5042,5052,5057,5056,5055,5054,5053)
(10084,25,5050,5044,5039,5028,5018,5013,5008,5002)
(10085,11,5031,5021,5015,5009,5004)
(10086,46,5033,5027,5017,5006)
(10087,5,5017,5027,5038,5048,5054,5055)
(10088,38,5008,5019,5029,5040,5050)
(10089,19,5047,5037,5032,5033,5028,5023,5019,5014,5009,5004,5010)
(10090,3,5016,5022,5027,5033,5039,5044,5050,5056,5057)
(10091,30,5029,5019,5008,5002,5001)
(10092,38,5052,5042,5036,5030,5025)
(10093,14,5029,5019,5008,5002,5001,5006,5011,5005)
(10094,5,5048,5043,5037,5026,5022,5017,5006,5000,5005)
(10095,11,5027,5038,5048)
(10096,46,5010,5021,5031,5036,5041,5051,5057,5052)
(10097,30,5001,5007,5013,5019,5024,5030,5041,5045,5040)
(10098,38,5035,5029,5019,5008,5003)
(10099,35,5010,5004,5003,5008,5019,5029,5040,5050)
(10100,8,5018,5028,5039)
(10101,8,5020,5030,5036,5042,5052)
(10102,11,5052,5042,5031,5025,5024,5019,5008,5002,5001,5006,5011,5005)
(10103,19,5048,5038,5027,5022,5016,5011,5006,5000)
(10104,11,5038,5027,5017,5006,5001,5002,5008,5014,5009)
(10105,35,5024,5025,5031,5042,5052)
(10106,8,5016,5022,5027,5033,5039,5044,5050,5056,5057)
(10107,5,5042,5052,5057,5056,5050,5040,5029,5019,5008,5002,5001)
(10108,1,5020,5024,5023,5028,5033,5032,5037,5047)
(10109,25,5019,5024,5025,5031,5036,5041,5051,5057,5052)
(10110,46,5047,5043,5038,5027,5017,5012,5013,5014)
(10111,33,5026,5037,5043,5048,5054)
(10112,30,5021,5031,5042,5052)
(10113,33,5038,5027,5017,5012,5013,5008,5002)
(10114,11,5042,5031,5025,5024,5023,5018,5007,5001,5006)
(10115,5,5023,5024,5030,5041,5051)
(10116,25,5033,5027,5017,5006)
(10117,19,5001,5007,5018,5028,5039,5044,5050,5056,5057,5052,5042,5036,5041)
(10118,27,5023,5024,5030,5041,5051)
(10119,25,5047,5043,5038,5027,5017,5006,5001,5002,5008,5014,5009)
(10120,27,5050,5040,5029,5019,5008,5003)
(10121,22,5018,5028,5034,5040)
(10122,8,5038,5027,5017,5006,5001,5002,5003,5009,5015,5010)
(10123,19,5029,5019,5008,5002,5001,5006,5011,5005)
(10124,33,5042,5031,5025,5024,5019,5014,5009,5003)
(10125,5,5019,5029,5040,5050)
(10126,43,5001,5007,5018,5028,5039,5044,5050,5055)
(10127,5,5002,5007,5018,5028,5033,5038,5048,5053,5047)
(10128,28,5023,5029,5040,5050)
(10129,3,5008,5019,5024,5030,5041,5045,5040)
(10130,30,5026,5032,5038,5048,5054,5055,5056,5057)
(10131,17,5052,5042,5031,5025,5024,5023,5018,5007,5001,5006)
(10132,22,5020,5030,5036,5042,5052,5057,5056,5050,5045)
(10133,17,5008,5014,5020,5025,5031)
(10134,38,5016,5022,5027,5033,5039,5044,5050,5055)
(10135,11,5007,5018,5028,5033,5038,5048,5053,5047)
(10136,1,5046,5051,5056,5055,5054,5048,5038,5027,5017,5006)
(10137,5,5026,5037,5043,5048,5053)
(10138,14,5004,5009,5020,5030,5041,5051)
(10139,30,5020,5024,5029,5040,5050,5055,5054)
(10140,1,5042,5031,5025,5024,5023,5018,5012,5006,5001)
(10141,38,5052,5046,5041,5030)
(10142,1,5016,5022,5027,5033,5039)
(10143,14,5026,5037,5043,5048,5054)
(10144,33,5042,5052,5057,5056,5050,5040,5029,5019,5008,5002,5001)
(10145,25,5039,5033,5027,5017,5006)
(10146,1,5021,5031,5036,5041,5051,5057,5052)
(10147,28,5001,5007,5018,5028,5039,5044,5045,5051)
(10148,11,5039,5028,5018)
(10149,3,5057,5052,5042,5031,5025,5024,5023,5028,5033,5027)
(10150,19,5010,5021,5031,5036,5041,5051,5057,5052)
(10151,35,5020,5030,5041,5051,5057,5052)
(10152,11,5052,5042,5031,5021,5010,5004,5003,5008,5014)
(10153,30,5047,5043,5038,5027,5017,5006,5001,5002,5003,5009,5015,5010)
(10154,38,5026,5016,5011,5006,5000)
(10155,1,5009,5020,5030,5036,5042,5052,5057,5056,5050,5045)
(10156,43,5020,5030,5036,5042,5052,5057,5056,5050,5045)
(10157,38,5008,5019,5029,5040,5050)
(10158,6,5048,5038,5027,5017,5012,5013)
(10159,19,5042,5031,5021)
(10160,11,5040,5029,5019,5014,5015,5010)
(10161,17,5024,5025,5031,5042,5052)
(10162,35,5038,5027,5022,5016,5011,5006,5000)
(10163,11,5044,5039,5028,5018,5013,5008,5002)
(10164,19,5038,5027,5017,5006,5001,5002,5003,5009,5015,5010)
(10165,40,5037,5026,5022,5017,5006,5001,5002,5008,5014,5009)
(10166,8,5048,5043,5037,5032,5033,5028,5023,5019,5014,5009,5004,5010)
(10167,28,5030,5041,5051)
(10168,1,5007,5012,5017,5027,5038,5048)
(10169,38,5056,5055,5054,5048,5038,5027,5017,5006)
(10170,38,5009,5020,5030,5041,5051)
(10171,1,5052,5042,5031,5021)
(10172,30,5004,5003,5008,5019,5029,5040,5050)
(10173,14,5029,5040,5050)
(10174,14,5047,5043,5038,5027,5017,5006,5001,5002,5003,5009,5015,5010)
(10175,35,5004,5009,5020,5030,5041,5051)
(10176,33,5031,5025,5024,5019,5008,5002,5001,5006,5011,5005)
(10177,35,5037,5026,5022,5017,5006,5000,5005)
(10178,40,5017,5027,5033,5034,5040)
(10179,41,5049,5039,5028,5018,5007,5001,5006)
(10180,43,5004,5009,5020,5024,5029,5040)
(10181,22,5048,5043,5037,5032,5033,5028,5023,5019,5014,5009,5004,5010)
(10182,46,5027,5038,5048)
(10183,30,5029,5019,5008,5002,5001,5006,5011,5005)
(10184,6,5029,5019,5008,5002,5001)
(10185,14,5056,5057,5052,5042,5031,5021)
(10186,41,5052,5042,5031,5025,5024,5023,5018)
(10187,28,5023,5024,5030,5041,5051)
(10188,11,5005,5011,5017,5027,5038,5048)
(10189,1,5013,5014,5020,5030,5041,5051,5057,5052)
(10190,6,5052,5042,5031,5025,5024,5023,5018,5007)
(10191,17,5007,5012,5017,5027,5038,5048)
(10192,28,5026,5032,5038,5048,5054,5055,5056,5057)
(10193,19,5029,5019,5008,5002,5001)
(10194,41,5017,5027,5032,5037,5047,5053,5048)
(10195,14,5016,5022,5027,5038,5048,5054,5055)
(10196,28,5010,5021,5031,5036,5041,5051,5057,5052)
(10197,8,5043,5037,5026,5022,5017,5006,5000,5005)
(10198,33,5026,5037,5043,5048,5054)
(10199,33,5027,5033,5039,5044,5050,5055)
(10200,41,5001,5007,5018,5028,5039,5044,5050,5056,5057,5052,5042,5036,5041)
(10201,3,5021,5031,5042,5052,5057,5056,5055,5054,5053)
(10202,1,5031,5042,5052)
(10203,28,5042,5031,5021,5010)
(10204,6,5004,5003,5008,5019,5029,5040,5050)
(10205,6,5042,5052,5057,5056,5050,5040,5029,5019,5008,5002,5001)
(10206,46,5024,5025,5031,5042,5052)
(10207,1,5031,5042,5052)
(10208,28,5007,5018,5028,5034,5029,5024,5025,5031,5036)
(10209,35,5029,5019,5008)
(10210,8,5044,5049,5054,5048,5038,5027,5017,5006,5000,5005)
(10211,3,5004,5003,5002,5007,5018,5028,5039,5044,5050,5055)
(10212,8,5035,5029,5019,5014,5009,5003)
(10213,28,5000,5006,5017,5022,5026,5037,5043,5048,5054,5055)
(10214,41,5035,5029,5019,5008,5002,5001,5006,5011,5005)
(10215,3,5019,5024,5030,5041,5051)
(10216,11,5007,5018,5028,5039)
(10217,46,5040,5029,5019,5008,5002,5001,5006,5011,5005)
(10218,19,5031,5021,5015,5009,5004)
(10219,33,5049,5054,5048,5038,5027,5017,5006,5001,5007,5013,5014,5009,5003)
(10220,46,5027,5033,5039,5044,5050,5056,5057)
(10221,43,5026,5016,5011,5006,5000)
(10222,46,5003,5002,5007,5018,5028,5033,5038,5048,5053,5047)
(10223,41,5020,5030,5041,5051,5057,5052)
(10224,8,5049,5039,5028,5023,5019,5014,5009,5004,5010)
(10225,3,5023,5029,5040,5050)
(10226,33,5057,5052,5042,5031,5025,5024,5019,5014,5009,5003)
(10227,8,5043,5038,5027,5017,5006,5001,5007,5013,5014,5009,5003)
(10228,35,5030,5024,5019,5008,5002,5001)
(10229,30,5014,5019,5029,5040,5050)
(10230,46,5005,5016,5022,5027,5033,5039)
(10231,43,5025,5031,5042,5052)
(10232,6,5024,5025,5031,5042,5052)
(10233,6,5050,5044,5039,5033,5027)
(10234,41,5021,5031,5036,5041,5051,5057,5052)
(10235,43,5052,5042,5031,5025,5024,5023,5018,5007,5001,5006)
(10236,25,5048,5038,5027,5022,5016,5011)
(10237,11,5029,5040,5050)
(10238,22,5020,5024,5023,5028,5039,5044,5050,5055)
(10239,25,5049,5039,5028,5018,5013,5014,5015,5010)
(10240,41,5031,5042,5052)
(10241,19,5038,5027,5022,5016,5011,5006,5000)
(10242,38,5044,5039,5028,5018,5013,5008,5002)
(10243,35,5009,5020,5024,5029,5040,5045,5041)
(10244,19,5022,5027,5038,5048)
(10245,17,5030,5041,5051)
(10246,19,5006,5017,5022,5026,5032)
(10247,8,5005,5011,5017,5027,5038,5048)
(10248,17,5017,5027,5038,5048)
(10249,38,5048,5038,5027,5017,5012,5013,5008,5002)
(10250,38,5027,5038,5048)
(10251,19,5028,5018,5013,5008,5002)
(10252,11,5044,5039,5028,5018,5013,5008,5002)
(10253,6,5048,5038,5027)
(10254,17,5021,5031,5042,5052)
(10255,19,5001,5007,5018,5028,5034,5029,5024,5025,5031,5036)
(10256,33,5047,5043,5038,5027,5022,5016,5005)
(10257,3,5047,5043,5038,5027,5017,5012,5013,5008,5002)
(10258,33,5033,5027,5022,5016,5011,5006,5000)
(10259,11,5020,5024,5023,5028,5039,5044,5050,5055)
(10260,17,5049,5039,5033,5032,5026)
(10261,25,5030,5041,5051)
(10262,30,5004,5003,5002,5007,5018,5028,5033,5038,5048,5053,5047)
(10263,38,5031,5025,5024,5023,5018,5007)
(10264,43,5023,5024,5030,5041,5051)
(10265,19,5057,5052,5042,5031,5025,5024,5019)
(10266,43,5033,5027,5022,5016,5011,5006,5000)
(10267,19,5029,5019,5008,5002,5001,5006,5011,5005)
(10268,25,5005,5016,5022,5027,5033,5034,5035,5030,5025,5031)
(10269,46,5047,5043,5038,5027,5017,5011,5005,5000)
(10270,43,5031,5021,5015,5009,5004)
(10271,6,5050,5044,5039,5028,5018)
(10272,1,5023,5024,5030,5041,5051)
(10273,1,5010,5004,5003,5008,5019,5029,5040,5050)
(10274,1,5026,5037,5043,5048,5054,5055)
(10275,28,5026,5016,5011,5006,5000)
(10276,36,5056,5057,5052,5042,5031,5021)
(10277,36,5022,5027,5038,5048)
(10278,8,5043,5038,5027,5017,5006,5001,5007,5013,5014,5009,5003)
(10279,28,5030,5024,5019,5008,5002,5001)
(10280,3,5029,5023,5018,5007)
(10281,41,5004,5010,5021,5031,5036,5041,5051,5057,5052)
(10282,22,5003,5002,5007,5012,5017,5027,5038,5048)
(10283,36,5029,5019,5008,5002,5001,5006,5011,5005)
(10284,41,5019,5029,5040,5050)
(10285,30,5003,5002,5007,5018,5028,5033,5038,5048,5053,5047)
(10286,36,5043,5037,5026,5022,5017,5006,5000,5005)
(10287,33,5023,5024,5025,5031,5042,5052)
(10288,41,5046,5042,5031,5025,5024,5019,5014,5009,5003)
(10289,1,5002,5007,5018,5028,5039)
(10290,20,5042,5031,5021)
(10291,11,5005,5016,5022,5027,5033,5039,5044,5050,5055)
(10292,43,5043,5038,5027,5017,5006)
(10293,28,5046,5042,5031,5021,5015,5014,5008,5003)
(10294,25,5049,5039,5028,5018)
(10295,11,5057,5052,5042,5031,5025,5024,5019,5008,5002,5001,5006,5011,5005)
(10296,14,5049,5054,5048,5038,5027,5022,5016,5011,5006,5000)
(10297,36,5057,5052,5042,5031,5025,5024,5019)
(10298,33,5025,5031,5042,5052)
(10299,38,5027,5038,5048)
(10300,6,5042,5031,5021)
(10301,11,5031,5042,5052)
(10302,33,5027,5033,5039,5044,5050,5056,5057)
(10303,8,5048,5038,5027,5017,5012,5013,5014)
(10304,3,5030,5041,5051)
(10305,38,5010,5021,5031)
(10306,33,5017,5027,5033,5039,5044,5050,5055)
(10307,11,5017,5027,5033,5039)
(10308,17,5004,5010,5021,5025,5030,5041,5046,5042)
(10309,43,5057,5052,5042,5031,5025,5024,5019,5014,5009,5003)
(10310,30,5003,5009,5020,5030,5036,5042,5052,5057,5056,5050,5045)
(10311,38,5029,5019,5008)
(10312,41,5009,5020,5024,5023,5028,5034,5040,5050,5055,5049)
(10313,25,5026,5037,5043,5048,5054)
(10314,31,5021,5031,5036,5041,5051)
(10315,11,5016,5022,5027,5033,5039,5044,5050,5055)
(10316,22,5027,5033,5039,5044,5050,5056,5057)
(10317,3,5037,5026,5022,5017,5006,5001,5002,5003,5009,5015,5010)
(10318,6,5020,5030,5036,5042,5052)
(10319,33,5016,5026,5032,5038,5048,5053,5047)
(10320,12,5024,5030,5041,5051)
(10321,8,5040,5029,5019)
(10322,38,5042,5031,5021,5010,5004,5003,5008,5014)
(10323,31,5026,5016,5011,5006,5000)
(10324,46,5007,5018,5028,5039,5044,5050,5056,5057,5052,5042,5036,5041)
(10325,43,5042,5031,5021,5015,5014,5008,5003)
(10326,25,5049,5039,5033,5032,5026)
(10327,33,5030,5024,5019,5008,5002,5001)
(10328,22,5057,5052,5042,5031,5025,5024,5023,5028,5033,5027)
(10329,22,5044,5039,5033,5027,5017,5006)
(10330,33,5016,5022,5027,5032,5037,5047,5053,5048)
(10331,12,5027,5038,5048,5054,5055)
(10332,14,5022,5027,5038,5048)
(10333,6,5019,5024,5030,5036,5042,5052,5057,5056,5050,5045)
(10334,8,5049,5054,5048,5038,5027,5022,5016,5011,5006,5000)
(10335,12,5049,5039,5028,5018,5007,5001,5006)
(10336,44,5016,5022,5027,5033,5039,5044,5045,5041,5036,5042)
(10337,6,5045,5040,5029,5019)
(10338,38,5016,5022,5027,5038,5048,5054,5055)
(10339,22,5001,5007,5013,5014,5020,5025,5031)
(10340,28,5044,5039,5028,5018,5013,5008,5002)
(10341,12,5040,5029,5019)
(10342,31,5052,5042,5031,5025,5024,5023,5028,5033,5027)
(10343,25,5008,5019,5024,5030,5041,5045,5040)
(10344,25,5035,5029,5019,5008,5002,5001,5006,5011,5005)
(10345,12,5044,5039,5028,5018)
(10346,3,5007,5013,5014,5020,5030,5041,5051,5057,5052)
(10347,36,5008,5014,5020,5030,5041,5051,5057,5052)
(10348,22,5026,5016,5011,5006,5000)
(10349,28,5045,5044,5039,5028,5018)
(10350,25,5050,5040,5029,5019)
(10351,17,5019,5024,5025,5031,5036,5041,5051,5057,5052)
(10352,1,5019,5024,5030,5041,5051)
(10353,31,5022,5027,5038,5048)
(10354,1,5023,5024,5030,5041,5051)
(10355,20,5048,5038,5027,5017,5012,5013,5008,5002)
(10356,14,5026,5037,5043,5048,5054,5055)
(10357,31,5026,5016,5011,5006,5000)
(10358,8,5006,5017,5022,5026,5032)
(10359,25,5057,5052,5042,5031,5025,5024,5023,5028,5033,5027)
(10360,31,5010,5004,5003,5008,5019,5029,5040,5050)
(10361,17,5017,5027,5033,5039,5044,5050,5056,5057)
(10362,14,5050,5040,5029,5019,5014)
(10363,6,5018,5028,5033,5032,5037,5047)
(10364,25,5007,5018,5028,5033,5032,5037,5047)
(10365,38,5021,5031,5036,5041,5051,5057,5052)
(10366,44,5001,5006,5017,5027,5032,5037,5047,5053,5048)
(10367,25,5005,5016,5022,5027,5033,5034,5029,5024,5025,5031,5036)
(10368,38,5016,5022,5027,5032,5037,5047,5053,5048)
(10369,41,5023,5024,5030,5041,5051)
(10370,25,5045,5044,5039,5028,5018,5007,5001,5006)
(10371,46,5050,5044,5039,5028,5018,5013,5008,5002)
(10372,17,5027,5017,5006)
(10373,36,5052,5042,5031,5021,5010,5004,5003,5008,5014)
(10374,36,5057,5052,5042,5031,5025,5024,5019,5008,5002,5001,5006,5011,5005)
(10375,46,5016,5026,5037,5043,5048,5053)
(10376,20,5039,5028,5018,5013,5008,5003)
(10377,20,5000,5006,5017,5022,5026,5037,5043,5038)
(10378,3,5024,5030,5041,5051)
(10379,9,5001,5006,5017,5027,5032,5037,5047,5053,5048)
(10380,1,5001,5007,5018,5028,5039)
(10381,33,5009,5020,5024,5023,5028,5034,5040,5050,5055,5049)
(10382,41,5027,5033,5039,5044,5050,5055)
(10383,1,5024,5030,5041,5051)
(10384,6,5045,5044,5039,5028,5018,5013,5008,5002)
(10385,46,5019,5029,5035,5041,5051,5056,5050)
(10386,12,5042,5031,5021,5010,5004,5003,5008,5014)
(10387,3,5001,5007,5013,5014,5020,5025,5031)
(10388,1,5021,5031,5042,5052,5057,5056,5055,5054)
(10389,36,5046,5051,5056,5055,5054,5048,5038,5027,5017,5006)
(10390,14,5039,5028,5018)
(10391,46,5020,5030,5041,5051)
(10392,9,5019,5029,5040,5050)
(10393,9,5049,5039,5033,5032,5026)
(10394,6,5018,5028,5039)
(10395,31,5042,5031,5025,5024,5023,5018,5012,5006,5001)
(10396,36,5044,5039,5028,5018,5007,5001,5006)
(10397,22,5003,5009,5020,5030,5036,5042,5052,5057,5056,5050,5045)
(10398,28,5029,5023,5018,5007)
(10399,41,5027,5033,5039,5044,5045,5051)
(10400,12,5042,5052,5057,5056,5050,5040,5029,5019,5008,5002,5001)
(10401,41,5018,5028,5039,5044,5050,5056,5057)
(10402,38,5018,5028,5039,5044,5045,5051)
(10403,22,5037,5026,5022,5017,5012,5013,5008,5002)
(10404,12,5021,5031,5042,5052,5057,5056,5055,5054)
(10405,33,5026,5016,5011,5006,5000)
(10406,31,5031,5025,5024,5019,5014,5009,5003)
(10407,12,5035,5029,5019,5014,5009,5003)
(10408,3,5052,5042,5031,5025,5024,5023,5018)
(10409,28,5017,5027,5033,5039,5044,5050,5055)
(10410,14,5020,5024,5023,5028,5039,5044,5050,5055)
(10411,6,5031,5042,5052)
(10412,6,5057,5052,5042,5031,5025,5024,5023,5018,5007,5001,5006)
(10413,20,5031,5042,5052)
(10414,1,5025,5031,5042,5052)
(10415,6,5049,5054,5048,5038,5027,5017,5006,5001,5007,5013,5014,5009,5003)
(10416,14,5051,5041,5030,5024)
(10417,17,5025,5031,5042,5052)
(10418,38,5029,5023,5018,5007)
(10419,38,5037,5026,5022,5017,5006,5000,5005)
(10420,9,5019,5029,5040,5050,5055,5054)
(10421,44,5052,5042,5031,5025,5024,5019,5008,5002,5001,5006,5011,5005)
(10422,12,5043,5037,5026,5022,5017,5006,5000,5005)
(10423,17,5001,5007,5018,5028,5039,5044,5050,5055)
(10424,38,5005,5016,5022,5027,5033,5039,5044,5050,5056,5057,5052,5042,5036,5041)
(10425,44,5026,5016,5011,5006,5000)
(10426,38,5019,5023,5028,5033,5032,5037,5043,5048,5053)
(10427,20,5017,5027,5033,5039,5044,5045,5051)
(10428,38,5001,5007,5018,5028)
(10429,28,5024,5025,5031,5042,5052)
(10430,17,5049,5039,5033,5027)
(10431,36,5022,5027,5038,5048)
(10432,3,5001,5007,5018,5028,5039,5044,5050,5056,5057,5052,5042,5036,5041)
(10433,17,5002,5001,5006,5017,5027,5032,5037,5047,5053,5048)
(10434,12,5020,5030,5041,5051,5057,5052)
(10435,6,5031,5025,5024,5019,5014,5009,5003)
(10436,9,5044,5039,5028,5018,5007,5001,5006)
(10437,9,5008,5014,5020,5025,5031)
(10438,1,5027,5022,5016,5011,5006,5000)
(10439,38,5026,5037,5043,5048,5053)
(10440,14,5026,5037,5043,5048,5054)
(10441,44,5057,5052,5042,5031,5025,5024,5023)
(10442,12,5016,5022,5027,5033,5039,5044,5045,5041,5036,5042)
(10443,31,5017,5022,5026,5037,5043,5048,5053)
(10444,28,5008,5019,5024,5030,5041,5045,5040)
(10445,3,5017,5027,5038,5048)
(10446,46,5057,5052,5042,5031,5025,5024,5023,5018,5007,5001,5006)
(10447,20,5049,5054,5048,5038,5027,5017,5006,5000,5005)
(10448,44,5029,5040,5050)
(10449,14,5020,5030,5041,5051)
(10450,1,5044,5039,5028,5018,5013,5008,5002)
(10451,1,5039,5028,5018,5013,5008,5003)
(10452,25,5018,5028,5039,5044,5050,5056,5057)
(10453,14,5045,5044,5049,5054,5053,5047,5037,5026,5022,5017,5006,5000,5005)
(10454,41,5039,5028,5018,5013,5014,5015,5010)
(10455,38,5009,5020,5024,5023,5028,5034,5040,5050,5055,5049)
(10456,36,5047,5043,5038,5027,5017,5006,5001,5007,5013,5014,5009,5003)
(10457,12,5005,5016,5022,5027,5033,5039,5044,5050,5056,5057,5052,5042,5036,5041)
(10458,14,5004,5009,5020,5030,5036,5042,5052)
(10459,28,5004,5009,5020,5030,5041,5051)
(10460,33,5040,5029,5019,5008,5002,5001,5006,5011,5005)
(10461,20,5040,5029,5019,5014,5015,5010)
(10462,17,5022,5027,5038,5048)
(10463,28,5004,5003,5002,5007,5018,5028,5039,5044,5050,5055)
(10464,6,5033,5027,5017,5006)
(10465,1,5017,5027,5033,5039,5044,5050,5056,5057,5052,5042,5036,5041)
(10466,17,5040,5029,5019)
(10467,4,5027,5022,5016,5011,5006,5000)
(10468,36,5025,5031,5042,5052)
(10469,44,5038,5027,5022,5016,5011,5006,5000)
(10470,28,5047,5043,5038,5033,5028,5018)
(10471,44,5018,5028,5039,5044,5050,5056,5057,5052,5042,5036,5041)
(10472,17,5050,5044,5039,5028,5018)
(10473,25,5052,5046,5041,5030)
(10474,25,5029,5040,5050)
(10475,12,5057,5052,5042,5031,5025,5024,5019,5014,5009,5003)
(10476,44,5039,5028,5018,5013,5008,5003)
(10477,14,5005,5016,5022,5027,5033,5034,5029,5024,5025,5031,5036)
(10478,14,5055,5054,5048,5038,5027,5017,5006,5001,5007,5013,5014,5009,5003)
(10479,1,5027,5017,5006)
(10480,6,5050,5040,5029,5019,5008,5003)
(10481,12,5055,5054,5048,5038,5027,5022,5016,5011,5006,5000)
(10482,9,5026,5032,5038,5048,5054,5055,5056)
(10483,28,5017,5027,5033,5034,5040)
(10484,41,5021,5031,5042,5052,5057,5056,5055,5054)
(10485,9,5031,5042,5052)
(10486,22,5031,5021,5015,5009,5004)
(10487,1,5026,5032,5038,5048,5054,5055,5056)
(10488,33,5021,5031,5036,5041,5051,5057,5052)
(10489,9,5026,5032,5038,5048,5054,5055,5056,5057)
(10490,15,5038,5027,5017,5006,5001,5007,5013,5014,5009,5003)
(10491,44,5030,5024,5019,5008,5002,5001)
(10492,6,5009,5020,5030,5041,5051)
(10493,25,5007,5018,5028,5039,5044,5050,5055)
(10494,38,5000,5006,5017,5022,5026,5037,5043,5038)
(10495,15,5023,5029,5040,5050)
(10496,33,5003,5002,5007,5018,5028,5039,5044,5050,5055)
(10497,46,5026,5016,5011,5006,5000)
(10498,38,5045,5040,5029,5019)
(10499,6,5042,5031,5021,5015,5014,5008,5003)
(10500,33,5006,5017,5027,5032,5037,5047,5053,5048)
(10501,1,5044,5039,5028,5018)
(10502,41,5021,5031,5036,5041,5051,5057,5052)
(10503,1,5054,5048,5038,5027,5017,5006)
(10504,1,5035,5029,5019,5014,5009,5003)
(10505,36,5000,5006,5017,5022,5026,5037,5043,5038)
(10506,20,5020,5030,5041,5051)
(10507,15,5049,5039,5028)
(10508,12,5033,5027,5022,5016,5011,5006,5000)
(10509,28,5020,5024,5029,5040,5050,5055,5054)
(10510,41,5001,5007,5018,5028,5034,5029,5024,5025,5031,5036)
(10511,31,5040,5029,5019)
(10512,33,5046,5051,5056,5055,5054,5048,5038,5027,5017,5006)
(10513,28,5046,5042,5031,5021,5015,5009,5004)
(10514,22,5019,5023,5028,5039,5044,5050,5055)
(10515,4,5027,5038,5048)
(10516,9,5016,5022,5027,5033,5039,5044,5045,5051)
(10517,1,5050,5044,5039,5033,5032,5026)
(10518,6,5037,5026,5022,5017,5012,5013,5008,5002)
(10519,22,5031,5042,5052)
(10520,36,5052,5042,5031,5025,5024,5019,5014,5009,5003)
(10521,9,5052,5042,5031,5025,5024,5019,5008,5002,5001,5006,5011,5005)
(10522,15,5017,5027,5033,5039,5044,5050,5056,5057,5052,5042,5036,5041)
(10523,31,5040,5029,5019,5014,5009,5003)
(10524,12,5024,5025,5031,5042,5052)
(10525,22,5057,5052,5042,5031,5025,5024,5023,5018,5007,5001,5006)
(10526,17,5021,5031,5036,5041,5051)
(10527,41,5057,5052,5042,5031,5021,5010)
(10528,4,5037,5026,5022,5017,5012,5013,5008,5002)
(10529,1,5019,5023,5028,5039,5044,5050,5055)
(10530,25,5028,5039,5044,5050,5055)
(10531,33,5031,5025,5024,5019,5008,5002,5001,5006,5011,5005)
(10532,46,5050,5044,5039,5033,5032,5026)
(10533,46,5019,5023,5028,5039,5044,5050,5055)
(10534,17,5016,5022,5027,5033,5034,5040)
(10535,22,5052,5042,5031,5025,5024,5023,5018,5007)
(10536,36,5028,5018,5013,5008,5002)
(10537,17,5002,5007,5018,5028,5039,5044,5050,5055)
(10538,9,5018,5028,5039,5044,5050,5055)
(10539,36,5007,5013,5019,5024,5030,5041,5045,5040)
(10540,1,5010,5021,5031)
(10541,20,5054,5048,5038,5027,5022,5016,5011,5006,5000)
(10542,15,5037,5026,5022,5017,5012,5013,5008,5002)
(10543,25,5049,5039,5028,5018,5013,5014,5015,5010)
(10544,34,5027,5017,5006)
(10545,28,5009,5020,5030,5036,5042,5052)
(10546,12,5019,5023,5028,5033,5032,5037,5043,5048,5053)
(10547,17,5005,5016,5022,5027,5033,5034,5029,5024,5025,5031,5036)
(10548,25,5002,5001,5006,5017,5027,5032,5037,5047,5053,5048)
(10549,6,5029,5019,5008)
(10550,28,5029,5019,5008,5002,5001,5006,5011,5005)
(10551,17,5046,5042,5031,5021,5015)
(10552,38,5027,5033,5039,5044,5050,5056,5057)
(10553,44,5020,5030,5041,5051)
(10554,34,5050,5044,5039,5028,5018,5013,5008,5002)
(10555,12,5027,5038,5048,5054,5055)
(10556,31,5013,5019,5029,5040,5050)
(10557,34,5026,5032,5038,5048,5054,5055,5056,5057)
(10558,20,5042,5031,5025,5024,5019)
(10559,12,5050,5044,5039,5033,5032,5026)
(10560,28,5009,5020,5030,5036,5042,5052)
(10561,44,5020,5030,5041,5051,5057,5052)
(10562,15,5016,5022,5027,5033,5039,5044,5050,5056,5057,5052,5042,5036,5041)
(10563,36,5021,5031,5042,5052,5057,5056,5055,5054,5053)
(10564,12,5027,5038,5048)
(10565,31,5025,5031,5042,5052)
(10566,44,5026,5016,5011,5006,5000)
(10567,17,5005,5016,5022,5027,5033,5034,5035,5030,5025,5031)
(10568,9,5026,5016,5011,5006,5000)
(10569,20,5019,5023,5028,5039,5044,5050,5055)
(10570,12,5052,5042,5031,5025,5024,5023)
(10571,17,5006,5017,5022,5026,5032)
(10572,38,5021,5031,5036,5041,5051,5057,5052)
(10573,34,5004,5009,5020,5024,5029,5040)
(10574,31,5027,5033,5039,5044,5045,5051)
(10575,25,5006,5017,5022,5026,5037,5043,5048,5053)
(10576,46,5026,5016,5011,5006,5000)
(10577,38,5016,5026,5032,5038,5048,5053,5047)
(10578,17,5043,5038,5027,5017,5006)
(10579,15,5020,5024,5023,5028,5039,5044,5050,5055)
(10580,25,5004,5010,5021,5031,5036,5041,5051,5057,5052)
(10581,46,5048,5043,5037,5026,5022,5017,5006,5000,5005)
(10582,22,5029,5023,5018,5007)
(10583,38,5007,5013,5014,5020,5030,5041,5051,5057,5052)
(10584,28,5049,5039,5028,5018,5007,5001,5006)
(10585,22,5022,5027,5038,5048)
(10586,6,5023,5024,5025,5031,5042,5052)
(10587,12,5017,5022,5026,5037,5043,5048,5053)
(10588,44,5031,5021,5015,5009,5004)
(10589,15,5038,5027,5017,5006,5001,5007,5013,5014,5009,5003)
(10590,23,5028,5018,5013,5008,5002)
(10591,44,5019,5029,5040,5050)
(10592,17,5002,5007,5018,5028,5039,5044,5050,5055)
(10593,9,5002,5007,5018,5028,5033,5038,5048,5053,5047)
(10594,23,5043,5037,5026,5022,5017,5006,5000,5005)
(10595,17,5035,5029,5023,5018,5007)
(10596,23,5017,5027,5033,5039,5044,5050,5055)
(10597,6,5007,5013,5019,5024,5030,5041,5045,5040)
(10598,12,5016,5022,5027,5033,5039,5044,5050,5056,5057,5052,5042,5036,5041)
(10599,25,5001,5007,5013,5014,5020,5030,5041,5051,5057,5052)
(10600,4,5029,5019,5008)
(10601,12,5026,5016,5011,5006,5000)
(10602,12,5040,5029,5019,5014,5015,5010)
(10603,39,5007,5013,5014,5020,5025,5031)
(10604,41,5021,5031,5042,5052,5057,5056,5055,5054)
(10605,20,5028,5018,5013,5008,5002)
(10606,6,5045,5044,5039,5028,5018,5007,5001,5006)
(10607,12,5043,5038,5027,5017,5006,5001,5007,5013,5014,5009,5003)
(10608,31,5018,5028,5034,5040)
(10609,15,5027,5022,5016,5011,5006,5000)
(10610,31,5047,5037,5026,5022,5017,5011)
(10611,12,5024,5025,5031,5042,5052)
(10612,36,5001,5007,5018,5028,5034,5029,5024,5025,5031,5036)
(10613,17,5050,5040,5029,5019,5014)
(10614,9,5049,5054,5048,5038,5027,5017,5006,5000,5005)
(10615,4,5027,5017,5006)
(10616,28,5019,5023,5028,5033,5032,5037,5043,5048,5053)
(10617,12,5026,5032,5038,5048,5054,5055,5056,5057)
(10618,12,5046,5042,5031,5025,5024,5019,5008,5002,5001,5006,5011,5005)
(10619,6,5052,5042,5031,5021)
(10620,6,5048,5038,5027)
(10621,36,5027,5022,5016,5011,5006,5000)
(10622,36,5027,5033,5039,5044,5050,5056,5057)
(10623,9,5008,5019,5024,5030,5041,5045,5040)
(10624,23,5023,5024,5030,5041,5051)
(10625,1,5027,5022,5016,5011,5006,5000)
(10626,6,5049,5039,5028,5018,5013,5008,5003)
(10627,28,5031,5042,5052)
(10628,41,5019,5024,5025,5031,5036,5041,5051,5057,5052)
(10629,41,5043,5038,5027,5017,5006)
(10630,25,5007,5013,5019,5024,5030,5041,5045,5040)
(10631,25,5052,5042,5031,5021)
(10632,31,5023,5024,5025,5031,5042,5052)
(10633,25,5000,5005,5016,5026,5037,5043,5048,5054,5055)
(10634,23,5017,5027,5033,5039,5044,5050,5056,5057)
(10635,41,5009,5020,5030,5036,5042,5052)
(10636,20,5027,5017,5006)
(10637,12,5028,5039,5044,5050,5055)
(10638,44,5048,5038,5033,5028,5018)
(10639,44,5027,5017,5006)
(10640,1,5007,5018,5028,5039)
(10641,41,5002,5007,5012,5017,5027,5038,5048)
(10642,9,5018,5028,5039)
(10643,17,5038,5027,5017,5006,5001,5002,5003,5009,5015,5010)
(10644,28,5029,5019,5008)
(10645,25,5057,5052,5042,5031,5025,5024,5019)
(10646,23,5020,5024,5029,5040,5050,5055,5054)
(10647,41,5019,5024,5030,5041,5051)
(10648,31,5016,5022,5027,5033,5039,5044,5050,5056,5057)
(10649,12,5005,5016,5022,5027,5033,5039,5044,5050,5056,5057)
(10650,4,5043,5038,5027,5017,5006)
(10651,44,5003,5002,5007,5018,5028,5033,5038,5048,5053,5047)
(10652,4,5019,5024,5025,5031,5036,5041,5051,5057,5052)
(10653,46,5005,5016,5022,5027,5033,5039,5044,5050,5056,5057,5052,5042,5036,5041)
(10654,39,5029,5019,5008,5002,5001,5006,5011,5005)
(10655,36,5004,5003,5002,5007,5018,5028,5033,5032,5037,5047)
(10656,34,5009,5020,5024,5029,5040,5045,5041)
(10657,23,5050,5040,5029,5019,5014)
(10658,15,5031,5042,5052)
(10659,4,5003,5009,5020,5030,5036,5042,5052,5057,5056,5050,5045)
(10660,36,5010,5004,5003,5008,5019,5029,5040,5050)
(10661,15,5038,5027,5017,5006,5001,5007,5013,5014,5009,5003)
(10662,23,5035,5029,5019,5008,5003)
(10663,17,5033,5027,5017,5006)
(10664,46,5049,5054,5048,5038,5027,5017,5006,5001,5007,5013,5014,5009,5003)
(10665,34,5031,5042,5052)
(10666,31,5019,5023,5028,5033,5032,5037,5043,5048,5053)
(10667,46,5023,5024,5030,5041,5051)
(10668,9,5027,5038,5048)
(10669,9,5021,5031,5042,5052)
(10670,39,5046,5051,5056,5055,5054,5048,5038,5027,5017,5006)
(10671,6,5026,5032,5038,5048,5054,5055,5056,5057)
(10672,28,5043,5038,5027,5022,5016,5011,5006,5000)
(10673,17,5052,5042,5031,5025,5024,5019,5008,5002,5001,5006,5011,5005)
(10674,34,5024,5025,5031,5042,5052)
(10675,41,5028,5018,5013,5008,5002)
(10676,46,5030,5041,5051)
(10677,44,5035,5029,5019,5008,5002,5001,5006,5011,5005)
(10678,44,5049,5039,5033,5032,5026)
(10679,39,5044,5039,5028,5018,5007,5001,5006)
(10680,44,5026,5032,5038,5048,5054,5055,5056)
(10681,4,5047,5043,5038,5033,5028,5018)
(10682,25,5019,5029,5035,5041,5051,5056,5050)
(10683,4,5016,5022,5027,5033,5039,5044,5045,5051)
(10684,46,5049,5039,5028,5018,5007,5001,5006)
(10685,28,5039,5028,5018)
(10686,23,5044,5039,5033,5027,5017,5006)
(10687,6,5027,5033,5039,5044,5050,5055)
(10688,12,5031,5021,5015,5009,5004)
(10689,39,5042,5031,5025,5024,5019)
(10690,44,5005,5016,5022,5027,5033,5039)
(10691,28,5025,5031,5042,5052)
(10692,36,5026,5016,5011,5006,5000)
(10693,25,5052,5042,5031,5025,5024,5023,5028,5033,5032,5026)
(10694,31,5027,5033,5039,5044,5050,5055)
(10695,23,5050,5044,5039,5028,5018,5013,5008,5002)
(10696,20,5057,5052,5042,5031,5021,5010,5004,5003,5008,5014)
(10697,39,5031,5042,5052)
(10698,31,5042,5052,5057,5056,5050,5040,5029,5019,5008,5002,5001)
(10699,39,5013,5019,5029,5040,5050)
(10700,6,5037,5026,5022,5017,5006,5000,5005)
(10701,17,5027,5017,5006)
(10702,26,5023,5024,5030,5041,5051)
(10703,12,5027,5038,5048,5054,5055)
(10704,12,5024,5025,5031,5042,5052)
(10705,20,5035,5029,5019,5008,5003)
(10706,12,5037,5026,5022,5017,5006,5001,5002,5003,5009,5015,5010)
(10707,36,5024,5030,5041,5051)
(10708,28,5007,5018,5028,5039,5044,5045,5051)
(10709,20,5035,5029,5019,5008,5003)
(10710,44,5022,5027,5038,5048)
(10711,41,5051,5041,5030,5024)
(10712,28,5029,5040,5050)
(10713,1,5031,5042,5052)
(10714,15,5003,5009,5020,5030,5036,5042,5052,5057,5056,5050,5045)
(10715,44,5019,5029,5040,5050)
(10716,15,5001,5007,5018,5028,5039,5044,5050,5056,5057)
(10717,28,5021,5031,5042,5052)
(10718,12,5029,5019,5008,5002,5001)
(10719,46,5007,5018,5028,5034,5029,5024,5025,5031,5036)
(10720,12,5004,5009,5020,5030,5041,5051)
(10721,17,5043,5038,5027,5017,5006,5001,5007,5013,5014,5009,5003)
(10722,23,5021,5031,5042,5052,5057,5056,5050,5044,5049)
(10723,9,5047,5043,5038,5027,5017,5012,5013,5014)
(10724,36,5035,5029,5023,5018,5007)
(10725,6,5013,5019,5029,5040,5050)
(10726,20,5016,5022,5027,5033,5039,5044,5050,5055)
(10727,12,5028,5018,5013,5008,5002)
(10728,47,5035,5029,5019,5008,5002,5001,5006,5011,5005)
(10729,44,5003,5009,5020,5024,5029,5040)
(10730,20,5025,5031,5042,5052)
(10731,9,5042,5031,5025,5024,5019)
(10732,17,5018,5028,5039,5044,5045,5051)
(10733,36,5019,5029,5035,5041,5051,5056,5050)
(10734,15,5016,5022,5027,5033,5034,5040)
(10735,20,5026,5032,5038,5048,5054,5055,5056)
(10736,9,5020,5030,5041,5051,5057,5052)
(10737,15,5043,5037,5026,5022,5017,5006,5000,5005)
(10738,47,5002,5007,5012,5017,5027,5038,5048)
(10739,47,5027,5017,5006)
(10740,15,5004,5009,5020,5024,5029,5040)
(10741,36,5004,5003,5002,5007,5018,5028,5033,5038,5048,5053,5047)
(10742,4,5045,5044,5039,5028,5018)
(10743,1,5026,5016,5011,5006,5000)
(10744,6,5024,5030,5041,5051)
(10745,12,5040,5029,5019,5008,5003)
(10746,31,5006,5017,5022,5026,5037,5043,5048,5053)
(10747,4,5047,5043,5038,5033,5028,5018)
(10748,39,5026,5032,5038,5048,5054,5055,5056,5057)
(10749,23,5051,5041,5030,5024)
(10750,28,5027,5017,5006)
(10751,36,5009,5020,5024,5029,5040)
(10752,12,5008,5014,5020,5025,5031)
(10753,23,5008,5019,5029,5040,5050)
(10754,12,5029,5019,5008,5002,5001,5006,5011,5005)
(10755,47,5033,5027,5022,5016,5011,5006,5000)
(10756,4,5046,5051,5056,5055,5054,5048,5038,5027,5017,5006)
(10757,26,5007,5018,5028,5039,5044,5050,5056,5057,5052,5042,5036,5041)
(10758,9,5051,5056,5055,5054,5048,5038,5027,5017,5006)
(10759,9,5010,5004,5003,5008,5019,5029,5040,5050)
(10760,41,5007,5013,5014,5020,5025,5031)
(10761,31,5009,5020,5030,5041,5051)
(10762,9,5007,5018,5028)
(10763,18,5007,5018,5028,5033,5032,5037,5047)
(10764,41,5004,5010,5021,5031,5036,5041,5051,5057,5052)
(10765,28,5026,5032,5038,5048,5054,5055,5056)
(10766,34,5008,5019,5029,5040,5050)
(10767,23,5044,5039,5033,5027,5017,5006)
(10768,26,5006,5017,5022,5026,5032)
(10769,20,5039,5033,5027,5017,5006)
(10770,6,5001,5007,5018,5028,5039,5044,5050,5056,5057)
(10771,4,5035,5029,5023,5018,5007)
(10772,36,5003,5009,5020,5024,5029,5040,5045,5041)
(10773,4,5021,5031,5042,5052,5057,5056,5055,5054)
(10774,23,5005,5011,5017,5027,5038,5048)
(10775,6,5035,5029,5019,5014,5009,5003)
(10776,34,5029,5019,5008,5002,5001)
(10777,28,5052,5042,5031,5025,5024,5023,5018,5007)
(10778,9,5035,5029,5019,5008,5003)
(10779,39,5043,5037,5026,5022,5017,5006,5000,5005)
(10780,26,5002,5001,5006,5017,5027,5032,5037,5047,5053,5048)
(10781,15,5042,5052,5057,5056,5050,5040,5029,5019,5008,5002,5001)
(10782,47,5047,5037,5026)
(10783,6,5027,5038,5048)
(10784,28,5028,5018,5013,5008,5002)
(10785,23,5033,5027,5022,5016,5011,5006,5000)
(10786,12,5002,5007,5018,5028,5033,5038,5048,5053,5047)
(10787,1,5008,5014,5020,5030,5041,5051,5057,5052)
(10788,47,5007,5018,5028,5034,5029,5024,5025,5031,5036)
(10789,36,5029,5019,5008,5002,5001,5006,5011,5005)
(10790,44,5027,5022,5016,5011,5006,5000)
(10791,4,5023,5024,5025,5031,5042,5052)
(10792,13,5003,5002,5007,5018,5028,5033,5038,5048,5053,5047)
(10793,26,5035,5029,5023,5018,5007)
(10794,28,5001,5007,5018,5028,5039,5044,5050,5055)
(10795,9,5029,5019,5008,5002,5001,5006,5011,5005)
(10796,4,5043,5038,5027,5017,5006)
(10797,31,5031,5021,5015,5014,5008,5003)
(10798,44,5039,5028,5018,5013,5014,5015,5010)
(10799,39,5031,5025,5024,5023,5018,5007)
(10800,9,5016,5022,5027,5033,5039)
(10801,31,5026,5016,5011,5006,5000)
(10802,26,5052,5046,5041,5030)
(10803,6,5046,5042,5031,5021,5015)
(10804,44,5035,5029,5019,5014,5009,5003)
(10805,31,5038,5027,5017,5006)
(10806,23,5024,5025,5031,5042,5052)
(10807,4,5021,5031,5042,5052,5057,5056,5050,5044,5049)
(10808,34,5029,5019,5008)
(10809,31,5016,5026,5032,5038,5048,5053,5047)
(10810,28,5046,5042,5031,5025,5024,5019,5008,5002,5001,5006,5011,5005)
(10811,13,5031,5042,5052)
(10812,44,5042,5031,5025,5024,5023,5018)
(10813,18,5048,5043,5037,5026)
(10814,13,5052,5046,5041,5030)
(10815,39,5001,5007,5018,5028)
(10816,9,5047,5037,5026)
(10817,34,5035,5029,5019,5014,5009,5003)
(10818,31,5029,5019,5008,5002,5001,5006,5011,5005)
(10819,26,5026,5032,5038,5048,5054,5055,5056)
(10820,6,5042,5031,5021,5010)
(10821,34,5001,5007,5018,5028,5034,5029,5024,5025,5031,5036)
(10822,47,5023,5024,5030,5041,5051)
(10823,2,5049,5039,5028)
(10824,29,5048,5038,5027,5017,5012,5013)
(10825,6,5001,5007,5018,5028)
(10826,44,5031,5021,5015,5009,5004)
(10827,2,5031,5042,5052)
(10828,20,5004,5009,5020,5030,5036,5042,5052,5057,5056,5050,5045)
(10829,34,5007,5018,5028,5039,5044,5050,5056,5057,5052,5042,5036,5041)
(10830,26,5030,5024,5019,5008,5002,5001)
(10831,29,5030,5041,5051)
(10832,15,5038,5027,5017,5012,5013,5008,5002)
(10833,34,5019,5024,5030,5041,5051)
(10834,41,5044,5039,5028,5018,5007,5001,5006)
(10835,7,5001,5007,5018,5028,5034,5029,5024,5025,5031,5036)
(10836,7,5047,5043,5038,5027,5017,5006,5001,5002,5008,5014,5009)
(10837,34,5035,5029,5019,5008,5002,5001,5006,5011,5005)
(10838,41,5035,5029,5019,5008,5002,5001,5006,5011,5005)
(10839,13,5026,5037,5043,5048,5054)
(10840,18,5004,5009,5020,5030,5036,5042,5052)
(10841,23,5045,5040,5029,5019)
(10842,26,5031,5042,5052)
(10843,41,5019,5024,5030,5041,5051)
(10844,4,5035,5029,5019,5008,5002,5001,5006,5011,5005)
(10845,41,5048,5043,5037,5032,5033,5028,5023,5019,5014,5009,5004,5010)
(10846,15,5042,5031,5021,5010)
(10847,20,5000,5006,5017,5022,5026,5037,5043,5048,5054,5055)
(10848,26,5031,5042,5052)
(10849,2,5045,5044,5049,5054,5053,5047,5037,5026,5022,5017,5006,5000,5005)
(10850,4,5037,5026,5022,5017,5012,5013,5008,5002)
(10851,47,5047,5037,5026,5022,5017,5011)
(10852,36,5031,5021,5015,5014,5008,5003)
(10853,47,5046,5042,5031,5025,5024,5019,5008,5002,5001,5006,5011,5005)
(10854,41,5021,5031,5036,5041,5051)
(10855,39,5052,5042,5031,5021)
(10856,26,5005,5011,5017,5027,5038,5048)
(10857,44,5031,5021,5015,5009,5004)
(10858,23,5001,5007,5013,5014,5020,5025,5031)
(10859,41,5057,5052,5042,5031,5025,5024,5023,5028,5033,5027)
(10860,29,5024,5030,5041,5051)
(10861,20,5043,5038,5027,5017,5006,5001,5007,5013,5014,5009,5003)
(10862,26,5023,5024,5030,5041,5051)
(10863,47,5017,5027,5033,5039,5044,5050,5056,5057,5052,5042,5036,5041)
(10864,23,5031,5042,5052)
(10865,20,5051,5041,5030,5024)
(10866,47,5026,5016,5011,5006,5000)
(10867,23,5028,5018,5013,5008,5002)
(10868,2,5046,5042,5031,5021,5015)
(10869,9,5052,5042,5031,5025,5024,5023,5018,5012,5006,5000,5005)
(10870,13,5046,5042,5031,5025,5024,5019,5014,5009,5003)
(10871,20,5026,5032,5038,5048,5054,5055,5056,5057)
(10872,44,5026,5032,5038,5048,5054,5055,5056,5057)
(10873,13,5042,5052,5057,5056,5050,5040,5029,5019,5008,5002,5001)
(10874,2,5046,5042,5031,5021,5015)
(10875,41,5029,5040,5050)
(10876,44,5024,5030,5041,5051)
(10877,29,5047,5043,5038,5027,5017,5006,5001,5002,5008,5014,5009)
(10878,44,5033,5027,5017,5006)
(10879,18,5042,5052,5057,5056,5050,5040,5029,5019,5008,5002,5001)
(10880,26,5040,5029,5019,5014,5015,5010)
(10881,20,5007,5018,5028)
(10882,31,5020,5030,5041,5051,5057,5052)
(10883,41,5000,5006,5017,5022,5026,5037,5043,5038)
(10884,36,5047,5043,5038,5027,5017,5006,5001,5002,5003,5009,5015,5010)
(10885,26,5042,5031,5025,5024,5023,5018,5012,5006,5001)
(10886,44,5009,5020,5024,5023,5028,5034,5040,5050,5055,5049)
(10887,39,5029,5023,5018,5007)
(10888,2,5047,5037,5026)
(10889,18,5004,5003,5002,5001,5006,5017,5027,5032,5037,5047,5053,5048)
(10890,9,5051,5046,5042,5031,5021)
(10891,9,5004,5009,5020,5030,5036,5042,5052)
(10892,41,5004,5010,5021,5025,5030,5041,5046,5042)
(10893,29,5006,5017,5027,5032,5037,5047,5053,5048)
(10894,7,5031,5025,5024,5019,5008,5002,5001,5006,5011,5005)
(10895,29,5035,5029,5019,5008,5003)
(10896,9,5005,5016,5022,5027,5033,5039,5044,5050,5055)
(10897,39,5027,5033,5039,5044,5045,5051)
(10898,36,5038,5027,5017,5006,5001,5002,5003,5009,5015,5010)
(10899,18,5043,5038,5027,5017,5006,5001,5007,5013,5014,5009,5003)
(10900,29,5052,5042,5031,5025,5024,5023,5018,5007)
(10901,7,5004,5009,5020,5030,5036,5042,5052,5057,5056,5050,5045)
(10902,15,5029,5019,5008,5002,5001,5006,5011,5005)
(10903,20,5038,5027,5017,5012,5013,5008,5002)
(10904,41,5038,5027,5017,5006)
(10905,31,5030,5024,5019,5008,5002,5001)
(10906,44,5044,5049,5054,5048,5038,5027,5017,5006,5000,5005)
(10907,39,5001,5007,5018,5028,5039,5044,5050,5056,5057)
(10908,31,5044,5049,5054,5048,5038,5027,5017,5006,5000,5005)
(10909,18,5004,5009,5020,5030,5036,5042,5052,5057,5056,5050,5045)
(10910,39,5026,5016,5011,5006,5000)
(10911,44,5027,5033,5039,5044,5045,5051)
(10912,7,5025,5031,5042,5052)
(10913,26,5051,5056,5055,5054,5048,5038,5027,5017,5006)
(10914,26,5027,5033,5039,5044,5050,5056,5057)
(10915,18,5022,5027,5038,5048)
(10916,23,5021,5031,5042,5052)
(10917,4,5027,5038,5048)
(10918,23,5028,5039,5044,5050,5055)
(10919,39,5047,5043,5038,5027,5022,5016,5005)
(10920,2,5004,5010,5021,5031,5036,5041,5051,5057,5052)
(10921,34,5050,5044,5049,5054,5048,5038,5027,5017,5006,5000,5005)
(10922,9,5027,5038,5048,5054,5055)
(10923,9,5056,5057,5052,5042,5031,5021,5015,5009,5004)
(10924,13,5033,5027,5022,5016,5011,5006,5000)
(10925,15,5033,5027,5022,5016,5011,5006,5000)
(10926,4,5029,5019,5008,5002,5001,5006,5011,5005)
(10927,29,5051,5041,5035,5029,5019,5014,5020)
(10928,7,5026,5016,5011,5006,5000)
(10929,13,5046,5042,5031,5025,5024,5019,5014,5009,5003)
(10930,34,5039,5028,5018,5013,5008,5003)
(10931,7,5027,5038,5048)
(10932,26,5006,5017,5022,5026,5032,5038,5048,5053,5047)
(10933,9,5031,5042,5052)
(10934,29,5040,5029,5019,5014,5015,5010)
(10935,41,5030,5024,5019,5008,5002,5001)
(10936,20,5024,5030,5041,5051)
(10937,18,5004,5003,5002,5001,5006,5017,5027,5032,5037,5047,5053,5048)
(10938,36,5024,5030,5041,5051)
(10939,15,5042,5031,5021)
(10940,9,5047,5043,5038,5027,5017,5006,5001,5007,5013,5014,5009,5003)
(10941,18,5018,5028,5034,5040)
(10942,34,5030,5041,5051)
(10943,13,5042,5031,5025,5024,5019)
(10944,23,5024,5025,5031,5042,5052)
(10945,26,5003,5009,5020,5030,5041,5051)
(10946,2,5040,5029,5019,5014,5015,5010)
(10947,41,5026,5037,5043,5048,5053)
(10948,39,5016,5022,5027,5033,5039,5044,5050,5055)
(10949,36,5057,5052,5042,5031,5025,5024,5023,5018,5007)
(10950,20,5027,5017,5006)
(10951,15,5056,5057,5052,5042,5031,5021,5015,5009,5004)
(10952,42,5004,5010,5021,5025,5030,5041,5046,5042)
(10953,7,5048,5038,5027,5022,5016,5011)
(10954,29,5021,5031,5042,5052,5057,5056,5055,5054)
(10955,2,5003,5009,5020,5030,5041,5051)
(10956,47,5048,5038,5027,5022,5016,5011,5006,5000)
(10957,34,5016,5022,5027,5033,5039,5044,5045,5041,5036,5042)
(10958,20,5051,5056,5055,5054,5048,5038,5027,5017,5006)
(10959,47,5010,5021,5031)
(10960,44,5026,5037,5043,5048,5054)
(10961,47,5029,5019,5008)
(10962,26,5004,5003,5002,5007,5012,5017,5027,5038,5048)
(10963,2,5002,5007,5018,5028,5033,5038,5048,5053,5047)
(10964,9,5026,5016,5011,5006,5000)
(10965,7,5027,5038,5048,5054,5055)
(10966,31,5007,5018,5028,5039,5044,5045,5051)
(10967,18,5002,5007,5018,5028,5039,5044,5050,5055)
(10968,15,5048,5043,5037,5026,5022,5017,5006,5000,5005)
(10969,23,5054,5048,5038,5027,5017,5006)
(10970,23,5048,5038,5027,5017,5012,5013)
(10971,23,5031,5021,5015,5014,5008,5003)
(10972,47,5016,5022,5027,5033,5039,5044,5050,5055)
(10973,4,5037,5026,5022,5017,5006,5000,5005)
(10974,34,5027,5033,5039,5044,5045,5051)
(10975,13,5031,5025,5024,5019,5014,5009,5003)
(10976,2,5009,5020,5024,5029,5040)
(10977,15,5007,5012,5017,5027,5038,5048)
(10978,44,5001,5007,5018,5028,5039,5044,5050,5055)
(10979,47,5017,5027,5033,5039,5044,5045,5051)
(10980,9,5011,5017,5027,5038,5048)
(10981,2,5033,5027,5022,5016,5011,5006,5000)
(10982,23,5017,5027,5033,5039,5044,5045,5051)
(10983,15,5005,5016,5022,5027,5033,5034,5029,5024,5025,5031,5036)
(10984,20,5048,5038,5027,5017,5012,5013,5008,5002)
(10985,34,5009,5020,5024,5023,5028,5034,5040,5050,5055,5049)
(10986,39,5019,5024,5030,5036,5042,5052,5057,5056,5050,5045)
(10987,31,5026,5016,5011,5006,5000)
(10988,44,5047,5043,5038,5033,5028,5018)
(10989,15,5029,5023,5018,5007)
(10990,18,5031,5042,5052)
(10991,47,5007,5018,5028,5039)
(10992,36,5047,5037,5026)
(10993,18,5031,5042,5052)
(10994,7,5017,5027,5033,5039,5044,5050,5056,5057,5052,5042,5036,5041)
(10995,29,5026,5037,5043,5048,5053)
(10996,23,5028,5018,5013,5008,5002)
(10997,39,5017,5027,5033,5039,5044,5050,5055)
(10998,2,5016,5022,5027,5033,5039,5044,5045,5041,5036,5042)
(10999,23,5020,5030,5041,5051,5057,5052)
(11000,20,5001,5007,5013,5014,5020,5030,5041,5051,5057,5052)
(11001,20,5016,5026,5037,5043,5048,5053)
(11002,15,5019,5024,5030,5041,5051)
(11003,15,5029,5023,5018,5007)
(11004,47,5057,5052,5042,5031,5025,5024,5023,5018)
(11005,39,5026,5016,5011,5006,5000)
(11006,23,5030,5041,5051)
(11007,39,5001,5006,5017,5027,5032,5037,5047,5053,5048)
(11008,15,5002,5007,5018,5028,5039)
(11009,7,5042,5031,5025,5024,5023,5018,5012,5006,5000,5005)
(11010,4,5031,5021,5015,5014,5008,5003)
(11011,42,5033,5027,5022,5016,5011,5006,5000)
(11012,31,5023,5029,5040,5050)
(11013,2,5031,5042,5052)
(11014,29,5011,5017,5027,5038,5048)
(11015,34,5018,5028,5039,5044,5050,5056,5057)
(11016,23,5040,5029,5019,5014,5009,5003)
(11017,7,5039,5028,5018,5013,5008,5002)
(11018,7,5021,5031,5036,5041,5051)
(11019,2,5052,5042,5031,5025,5024,5023,5018,5007,5001,5006)
(11020,26,5029,5019,5008,5002,5001)
(11021,36,5028,5018,5013,5008,5002)
(11022,20,5008,5014,5020,5025,5031)
(11023,36,5038,5027,5022,5016,5011)
(11024,31,5026,5016,5011,5006,5000)
(11025,44,5019,5023,5028,5033,5032,5037,5043,5048,5053)
(11026,29,5000,5005,5016,5026,5037,5043,5048,5054,5055)
(11027,31,5040,5029,5019,5014,5015,5010)
(11028,9,5029,5019,5008,5002,5001)
(11029,2,5007,5018,5028,5034,5029,5024,5025,5031,5036)
(11030,42,5054,5048,5038,5027,5017,5006,5000,5005)
(11031,31,5001,5007,5018,5028,5039)
(11032,26,5004,5003,5002,5007,5018,5028,5039,5044,5050,5055)
(11033,42,5016,5022,5027,5033,5039,5044,5050,5056,5057,5052,5042,5036,5041)
(11034,13,5026,5016,5011,5006,5000)
(11035,39,5031,5042,5052)
(11036,9,5047,5037,5032,5033,5028,5023,5019,5014,5009,5004,5010)
(11037,20,5000,5006,5017,5022,5026,5037,5043,5048,5054,5055)
(11038,29,5038,5027,5022,5016,5011)
(11039,42,5046,5042,5031,5021,5015)
(11040,44,5024,5030,5041,5051)
(11041,4,5040,5029,5019,5014,5009,5003)
(11042,36,5018,5028,5039,5044,5050,5056,5057,5052,5042,5036,5041)
(11043,39,5050,5044,5039,5033,5027)
(11044,7,5003,5002,5007,5018,5028,5033,5032,5037,5047)
(11045,18,5009,5020,5024,5029,5040)
(11046,36,5018,5028,5039,5044,5050,5056,5057)
(11047,26,5017,5027,5033,5039,5044,5045,5051)
(11048,15,5028,5018,5013,5008,5002)
(11049,15,5024,5030,5041,5051)
(11050,20,5048,5038,5027)
(11051,42,5051,5056,5055,5054,5048,5038,5027,5017,5006)
(11052,47,5016,5022,5027,5033,5039,5044,5045,5051)
(11053,9,5045,5044,5049,5054,5053,5047,5037,5026,5022,5017,5006,5000,5005)
(11054,18,5021,5031,5036,5041,5051,5057,5052)
(11055,34,5037,5026,5022,5017,5006,5001,5002,5008,5014,5009)
(11056,13,5026,5016,5011,5006,5000)
(11057,7,5033,5027,5022,5016,5011,5006,5000)
(11058,39,5048,5038,5027,5022,5016,5011,5006,5000)
(11059,18,5029,5019,5008)
(11060,31,5005,5016,5026,5037,5043,5048,5053)
(11061,39,5010,5004,5003,5008,5019,5029,5040,5050)
(11062,36,5043,5037,5026,5022,5017,5006,5000,5005)
(11063,26,5001,5007,5018,5028,5034,5040)
(11064,29,5004,5009,5020,5030,5036,5042,5052,5057,5056,5050,5045)
(11065,29,5029,5019,5008,5002,5001,5006,5011,5005)
(11066,20,5001,5007,5018,5028)
(11067,29,5001,5007,5018,5028,5039)
(11068,42,5052,5042,5031,5025,5024,5023,5028,5033,5027)
(11069,9,5049,5039,5028,5018,5013,5014,5015,5010)
(11070,42,5052,5042,5031,5025,5024,5023)
(11071,44,5055,5054,5048,5038,5027,5022,5016,5011,5006,5000)
(11072,2,5016,5022,5027,5033,5039,5044,5045,5041,5036,5042)
(11073,26,5035,5029,5019,5008,5003)
(11074,31,5019,5024,5025,5031,5036,5041,5051,5057,5052)
(11075,39,5044,5039,5028,5018)
(11076,26,5047,5043,5038,5027,5022,5016,5005)
(11077,10,5026,5037,5043,5048,5054)
(11078,39,5023,5024,5030,5041,5051)
(11079,7,5003,5009,5020,5030,5036,5042,5052)
(11080,34,5031,5025,5024,5019,5008,5002,5001,5006,5011,5005)
(11081,39,5005,5016,5022,5027,5033,5039,5044,5050,5056,5057)
(11082,34,5009,5020,5030,5041,5051)
(11083,26,5021,5031,5042,5052,5057,5056,5055,5054,5053)
(11084,13,5017,5027,5033,5039,5044,5050,5055)
(11085,29,5046,5042,5031,5021,5015)
(11086,2,5035,5029,5019,5014,5009,5003)
(11087,36,5030,5041,5051)
(11088,15,5046,5042,5031,5021,5015,5014,5008,5003)
(11089,18,5019,5029,5040,5050)
(11090,18,5031,5042,5052)
(11091,15,5010,5021,5031)
(11092,42,5026,5016,5011,5006,5000)
(11093,4,5009,5020,5024,5029,5040)
(11094,34,5017,5027,5033,5034,5040)
(11095,26,5047,5037,5026,5022,5017,5011)
(11096,20,5030,5041,5051)
(11097,34,5043,5038,5027,5017,5006,5001,5007,5013,5014,5009,5003)
(11098,45,5027,5033,5039,5044,5050,5056,5057)
(11099,13,5024,5025,5031,5042,5052)
(11100,13,5027,5033,5039,5044,5050,5055)
(11101,4,5018,5028,5039,5044,5050,5055)
(11102,20,5025,5031,5042,5052)
(11103,42,5049,5039,5033,5027)
(11104,20,5028,5039,5044,5050,5055)
(11105,18,5027,5017,5006)
(11106,45,5049,5039,5028,5018,5013,5008,5003)
(11107,13,5025,5031,5042,5052)
(11108,29,5027,5038,5048)
(11109,13,5007,5018,5028,5034,5029,5024,5025,5031,5036)
(11110,2,5043,5037,5026,5022,5017,5006,5000,5005)
(11111,45,5051,5041,5030,5024)
(11112,2,5031,5042,5052)
(11113,2,5042,5031,5025,5024,5019,5014,5009,5003)
(11114,23,5024,5025,5031,5042,5052)
(11115,15,5052,5042,5031,5025,5024,5019,5008,5002,5001,5006,5011,5005)
(11116,7,5005,5016,5022,5027,5033,5039,5044,5045,5041,5036,5042)
(11117,45,5047,5043,5038,5027,5017,5006,5001,5002,5003,5009,5015,5010)
(11118,18,5021,5031,5036,5041,5051)
(11119,31,5009,5020,5030,5036,5042,5052)
(11120,4,5019,5024,5025,5031,5042,5052)
(11121,15,5019,5023,5028,5033,5032,5037,5043,5048,5053)
(11122,31,5024,5025,5031,5042,5052)
(11123,10,5023,5024,5030,5041,5051)
(11124,13,5033,5027,5017,5006)
(11125,42,5007,5018,5028,5039,5044,5050,5056,5057,5052,5042,5036,5041)
(11126,39,5027,5022,5016,5011,5006,5000)
(11127,39,5003,5009,5020,5030,5036,5042,5052,5057,5056,5050,5045)
(11128,2,5042,5031,5021,5010)
(11129,15,5033,5027,5017,5006)
(11130,42,5018,5028,5033,5032,5037,5047)
(11131,47,5020,5024,5023,5028,5033,5032,5037,5047)
(11132,42,5004,5010,5021,5031,5036,5041,5051,5057,5052)
(11133,23,5019,5029,5040,5050,5055,5054)
(11134,34,5007,5018,5028,5034,5029,5024,5025,5031,5036)
(11135,37,5007,5013,5014,5020,5025,5031)
(11136,42,5043,5038,5027,5022,5016,5011,5006,5000)
(11137,2,5025,5031,5042,5052)
(11138,37,5042,5031,5021,5010,5004,5003,5008,5014)
(11139,2,5047,5043,5038,5027,5017,5012,5013,5008,5002)
(11140,10,5004,5009,5020,5030,5036,5042,5052,5057,5056,5050,5045)
(11141,20,5029,5019,5008,5002,5001)
(11142,23,5052,5042,5031,5021,5010,5004,5003,5008,5014)
(11143,47,5017,5027,5033,5039)
(11144,13,5031,5042,5052)
(11145,13,5018,5028,5039,5044,5050,5055)
(11146,20,5026,5032,5038,5048,5054,5055,5056,5057)
(11147,18,5049,5039,5028)
(11148,13,5018,5028,5039,5044,5050,5055)
(11149,21,5048,5038,5027)
(11150,45,5033,5027,5017,5006)
(11151,34,5042,5031,5025,5024,5019,5008,5002,5001,5006,5011,5005)
(11152,42,5033,5027,5022,5016,5011,5006,5000)
(11153,37,5001,5007,5018,5028,5039)
(11154,26,5000,5006,5017,5027,5033)
(11155,37,5033,5027,5022,5016,5011,5006,5000)
(11156,21,5027,5017,5006)
(11157,42,5050,5044,5039,5028,5018)
(11158,39,5024,5025,5031,5042,5052)
(11159,10,5016,5022,5027,5032,5037,5047,5053,5048)
(11160,23,5052,5042,5031,5025,5024,5019,5014,5009,5003)
(11161,13,5024,5025,5031,5042,5052)
(11162,26,5006,5017,5027,5032,5037,5047,5053,5048)
(11163,7,5024,5025,5031,5042,5052)
(11164,45,5024,5025,5031,5042,5052)
(11165,39,5016,5022,5027,5033,5039,5044,5050,5055)
(11166,26,5045,5044,5039,5028,5018,5013,5008,5002)
(11167,45,5001,5007,5013,5014,5020,5025,5031)
(11168,39,5031,5025,5024,5019,5008,5002,5001,5006,5011,5005)
(11169,23,5047,5043,5038,5027,5017,5006,5001,5002,5003,5009,5015,5010)
(11170,7,5052,5042,5031,5025,5024,5023,5018,5007)
(11171,39,5042,5031,5021,5015,5014,5008,5003)
(11172,10,5024,5025,5031,5042,5052)
(11173,45,5044,5049,5054,5048,5038,5027,5017,5006,5000,5005)
(11174,31,5017,5027,5033,5039,5044,5050,5056,5057)
(11175,4,5038,5027,5017,5006,5001,5007,5013,5014,5009,5003)
(11176,31,5001,5007,5018,5028,5034,5040)
(11177,26,5044,5039,5028,5018,5013,5008,5002)
(11178,10,5039,5028,5018,5013,5008,5003)
(11179,29,5038,5027,5017,5006,5001,5007,5013,5014,5009,5003)
(11180,47,5045,5044,5039,5028,5018)
(11181,13,5016,5022,5027,5033,5039)
(11182,34,5003,5009,5020,5030,5036,5042,5052,5057,5056,5050,5045)
(11183,39,5029,5019,5008)
(11184,10,5005,5016,5022,5027,5033,5039,5044,5050,5056,5057)
(11185,18,5020,5024,5023,5028,5039,5044,5050,5055)
(11186,37,5043,5038,5027,5017,5006,5001,5007,5013,5014,5009,5003)
(11187,47,5021,5031,5042,5052,5057,5056,5050,5044,5049)
(11188,32,5018,5028,5039,5044,5050,5056,5057,5052,5042,5036,5041)
(11189,42,5016,5022,5027,5033,5039,5044,5045,5041,5036,5042)
(11190,29,5019,5023,5028,5039,5044,5050,5055)
(11191,26,5017,5027,5033,5039,5044,5050,5055)
(11192,39,5001,5007,5013,5019,5024,5030,5041,5045,5040)
(11193,23,5019,5024,5025,5031,5042,5052)
(11194,4,5056,5057,5052,5042,5031,5021)
(11195,39,5057,5052,5042,5031,5025,5024,5023,5018)
(11196,34,5042,5052,5057,5056,5050,5040,5029,5019,5008,5002,5001)
(11197,32,5016,5022,5027,5033,5039)
(11198,39,5016,5022,5027,5033,5039,5044,5050,5056,5057)
(11199,18,5001,5007,5018,5028,5039,5044,5050,5055)
(11200,18,5023,5024,5030,5041,5051)
(11201,23,5026,5016,5011,5006,5000)
(11202,37,5030,5041,5051)
(11203,13,5007,5018,5028)
(11204,18,5023,5024,5030,5041,5051)
(11205,42,5029,5019,5008)
(11206,7,5008,5019,5024,5030,5041,5045,5040)
(11207,39,5031,5025,5024,5019,5014,5009,5003)
(11208,23,5047,5043,5038,5033,5028,5018)
(11209,2,5016,5022,5027,5033,5039,5044,5045,5041,5036,5042)
(11210,37,5019,5024,5030,5041,5051)
(11211,10,5028,5039,5044,5050,5055)
(11212,7,5049,5039,5028)
(11213,2,5038,5027,5017,5006,5001,5007,5013,5014,5009,5003)
(11214,4,5027,5033,5039,5044,5050,5055)
(11215,10,5013,5014,5020,5030,5041,5051,5057,5052)
(11216,39,5027,5017,5006)
(11217,39,5017,5027,5032,5037,5047,5053,5048)
(11218,7,5027,5033,5039,5044,5045,5051)
(11219,15,5007,5013,5019,5024,5030,5041,5045,5040)
(11220,34,5049,5054,5048,5038,5027,5022,5016,5011,5006,5000)
(11221,15,5052,5042,5031,5025,5024,5019,5014,5009,5003)
(11222,15,5025,5031,5042,5052)
(11223,7,5029,5019,5008,5002,5001)
(11224,10,5026,5032,5038,5048,5054,5055,5056,5057)
(11225,7,5057,5052,5042,5031,5025,5024,5023,5018,5007)
(11226,18,5040,5029,5019)
(11227,39,5023,5024,5025,5031,5042,5052)
(11228,40,5033,5027,5017,5006)
(11229,32,5016,5022,5027,5033,5039)
(11230,2,5031,5021,5015,5009,5004)
(11231,29,5040,5029,5019)
(11232,40,5052,5042,5031,5025,5024,5023,5018,5012,5006,5000,5005)
(11233,47,5035,5029,5019,5014,5009,5003)
(11234,21,5052,5042,5031,5025,5024,5023,5018,5012,5006,5000,5005)
(11235,23,5027,5033,5039,5044,5050,5055)
(11236,42,5029,5019,5008,5002,5001,5006,5011,5005)
(11237,21,5007,5018,5028,5033,5038,5048,5053,5047)
(11238,23,5035,5029,5019,5008,5003)
(11239,21,5043,5037,5026,5022,5017,5006,5000,5005)
(11240,21,5027,5038,5048,5054,5055)
(11241,4,5048,5038,5027,5017,5012,5013,5014)
(11242,37,5017,5027,5033,5039,5044,5050,5056,5057,5052,5042,5036,5041)
(11243,29,5022,5027,5038,5048)
(11244,32,5007,5018,5028,5039)
(11245,45,5031,5042,5052)
(11246,23,5049,5054,5048,5038,5027,5022,5016,5011,5006,5000)
(11247,7,5019,5029,5035,5041,5051,5056,5050)
(11248,34,5005,5016,5026,5032,5038,5048,5053,5047)
(11249,42,5030,5024,5019,5008,5002,5001)
(11250,34,5045,5044,5039,5028,5018,5007,5001,5006)
(11251,2,5039,5028,5018,5013,5008,5003)
(11252,34,5042,5031,5021,5010)
(11253,10,5026,5016,5011,5006,5000)
(11254,26,5027,5022,5016,5011,5006,5000)
(11255,42,5026,5016,5011,5006,5000)
(11256,29,5024,5025,5031,5042,5052)
(11257,32,5004,5003,5002,5007,5018,5028,5033,5038,5048,5053,5047)
(11258,32,5007,5018,5028,5039)
(11259,34,5046,5042,5031,5025,5024,5019,5008,5002,5001,5006,5011,5005)
(11260,4,5007,5018,5028,5039)
(11261,4,5027,5033,5039,5044,5050,5055)
(11262,2,5043,5038,5027,5017,5006)
(11263,32,5047,5043,5038,5027,5017,5012,5013)
(11264,45,5038,5027,5017,5006,5001,5002,5008,5014,5009)
(11265,37,5047,5037,5026)
(11266,21,5050,5044,5039,5033,5032,5026)
(11267,40,5031,5042,5052)
(11268,32,5028,5018,5013,5008,5002)
(11269,32,5031,5021,5015,5014,5008,5003)
(11270,47,5017,5022,5026,5037,5043,5048,5053)
(11271,15,5016,5022,5027,5032,5037,5047,5053,5048)
(11272,26,5030,5024,5019,5008,5002,5001)
(11273,40,5021,5031,5042,5052)
(11274,29,5052,5042,5031,5025,5024,5019)
(11275,21,5001,5007,5018,5028,5039,5044,5050,5056,5057)
(11276,21,5020,5030,5041,5051,5057,5052)
(11277,34,5027,5033,5039,5044,5050,5056,5057)
(11278,15,5057,5052,5042,5031,5025,5024,5023,5028,5033,5032,5026)
(11279,40,5019,5024,5025,5031,5036,5041,5051,5057,5052)
(11280,42,5035,5029,5023,5018,5007)
(11281,21,5026,5032,5038,5048,5054,5055,5056)
(11282,2,5010,5004,5003,5008,5019,5029,5040,5050)
(11283,40,5016,5022,5027,5032,5037,5047,5053,5048)
(11284,7,5027,5038,5048)
(11285,45,5044,5049,5054,5048,5038,5027,5017,5006,5000,5005)
(11286,15,5031,5025,5024,5019,5014,5009,5003)
(11287,18,5031,5042,5052)
(11288,29,5010,5021,5031)
(11289,4,5043,5038,5027,5022,5016,5011,5006,5000)
(11290,26,5004,5009,5020,5030,5041,5051)
(11291,10,5003,5009,5020,5024,5029,5040)
(11292,26,5021,5031,5042,5052,5057,5056,5055,5054)
(11293,2,5038,5027,5017,5006,5001,5002,5008,5014,5009)
(11294,42,5030,5041,5051)
(11295,45,5027,5038,5048)
(11296,42,5044,5049,5054,5048,5038,5027,5017,5006,5000,5005)
(11297,47,5021,5031,5042,5052,5057,5056,5055,5054,5053)
(11298,40,5023,5024,5030,5041,5051)
(11299,18,5031,5042,5052)
(11300,18,5049,5039,5028,5023,5019,5014,5009,5004,5010)
(11301,24,5043,5037,5026,5022,5017,5006,5000,5005)
(11302,45,5002,5007,5012,5017,5027,5038,5048)
(11303,32,5017,5027,5038,5048,5054,5055)
(11304,16,5031,5025,5024,5019,5014,5009,5003)
(11305,42,5035,5029,5019,5008,5003)
(11306,24,5048,5038,5027)
(11307,16,5005,5016,5022,5027,5033,5039,5044,5045,5051)
(11308,7,5004,5003,5002,5007,5018,5028,5033,5032,5037,5047)
(11309,21,5031,5042,5052)
(11310,37,5001,5007,5018,5028,5039,5044,5050,5056,5057,5052,5042,5036,5041)
(11311,16,5031,5042,5052)
(11312,13,5016,5022,5027,5033,5039,5044,5050,5055)
(11313,18,5013,5014,5020,5030,5041,5051,5057,5052)
(11314,32,5047,5043,5038,5027,5017,5006,5001,5007,5013,5014,5009,5003)
(11315,2,5000,5006,5017,5022,5026,5037,5043,5048,5054,5055)
(11316,4,5009,5020,5030,5041,5051)
(11317,10,5035,5029,5019,5014,5009,5003)
(11318,10,5047,5037,5026)
(11319,45,5021,5031,5042,5052,5057,5056,5055,5054,5053)
(11320,29,5026,5016,5011,5006,5000)
(11321,13,5046,5042,5031,5025,5024,5019,5014,5009,5003)
(11322,21,5031,5042,5052)
(11323,13,5035,5029,5019,5014,5009,5003)
(11324,47,5049,5039,5028,5018,5013,5008,5002)
(11325,45,5029,5023,5018,5007)
(11326,47,5042,5031,5025,5024,5023,5018,5007,5001,5006)
(11327,47,5004,5003,5002,5007,5018,5028,5033,5032,5037,5047)
(11328,32,5047,5037,5032,5033,5028,5023,5019,5014,5009,5004,5010)
(11329,45,5008,5019,5029,5040,5050)
(11330,47,5016,5022,5027,5033,5039,5044,5045,5041,5036,5042)
(11331,45,5018,5028,5039,5044,5050,5056,5057)
(11332,4,5044,5049,5054,5048,5038,5027,5017,5006,5000,5005)
(11333,34,5016,5022,5027,5033,5039,5044,5050,5055)
(11334,2,5018,5028,5039,5044,5050,5055)
(11335,40,5019,5024,5030,5041,5051)
(11336,29,5029,5019,5008,5002,5001)
(11337,7,5047,5043,5038,5027,5017,5012,5013)
(11338,24,5010,5004,5003,5008,5019,5029,5040,5050)
(11339,10,5016,5022,5027,5033,5039,5044,5050,5056,5057,5052,5042,5036,5041)
(11340,45,5019,5023,5028,5039,5044,5050,5055)
(11341,10,5027,5038,5048,5054,5055)
(11342,42,5038,5027,5022,5016,5011)
(11343,42,5057,5052,5042,5031,5025,5024,5023,5028,5033,5032,5026)
(11344,26,5027,5033,5039,5044,5050,5056,5057)
(11345,32,5027,5022,5016,5011,5006,5000)
(11346,29,5048,5038,5027,5022,5016,5011,5006,5000)
(11347,42,5044,5049,5054,5048,5038,5027,5017,5006,5000,5005)
(11348,16,5049,5039,5028,5018,5013,5008,5003)
(11349,29,5004,5010,5021,5025,5030,5041,5046,5042)
(11350,7,5040,5029,5019,5008,5003)
(11351,37,5023,5024,5025,5031,5042,5052)
(11352,21,5024,5025,5031,5042,5052)
(11353,10,5057,5052,5042,5031,5025,5024,5023,5018,5007)
(11354,26,5016,5022,5027,5033,5039,5044,5050,5055)
(11355,37,5018,5028,5039,5044,5050,5056,5057)
(11356,40,5030,5041,5051)
(11357,40,5026,5016,5011,5006,5000)
(11358,40,5021,5031,5042,5052)
(11359,24,5051,5046,5042,5031,5021)
(11360,37,5043,5037,5026,5022,5017,5006,5000,5005)
(11361,4,5047,5043,5038,5027,5022,5016,5005)
(11362,37,5020,5030,5036,5042,5052,5057,5056,5050,5045)
(11363,16,5026,5016,5011,5006,5000)
(11364,47,5005,5016,5022,5027,5032)
(11365,16,5031,5021,5015,5014,5008,5003)
(11366,16,5005,5016,5022,5027,5033,5034,5035,5030,5025,5031)
(11367,10,5038,5027,5017,5006,5001,5007,5013,5014,5009,5003)
(11368,16,5033,5027,5017,5006)
(11369,29,5050,5044,5039,5028,5018,5013,5008,5002)
(11370,21,5042,5031,5025,5024,5019,5008,5002,5001,5006,5011,5005)
(11371,16,5002,5001,5006,5017,5027,5032,5037,5047,5053,5048)
(11372,10,5025,5031,5042,5052)
(11373,29,5043,5038,5027,5017,5006,5001,5007,5013,5014,5009,5003)
(11374,32,5050,5040,5029,5019)
(11375,21,5004,5003,5002,5007,5018,5028,5039,5044,5050,5055)
(11376,2,5019,5023,5028,5039,5044,5050,5055)
(11377,47,5031,5042,5052)
(11378,18,5038,5027,5017,5006,5001,5002,5003,5009,5015,5010)
(11379,10,5040,5029,5019,5014,5015,5010)
(11380,2,5004,5003,5002,5007,5018,5028,5033,5038,5048,5053,5047)
(11381,24,5057,5052,5042,5031,5025,5024,5019,5008,5002,5001,5006,5011,5005)
(11382,4,5047,5043,5038,5027,5017,5006,5001,5007,5013,5014,5009,5003)
(11383,24,5021,5031,5036,5041,5051)
(11384,18,5010,5021,5031,5036,5041,5051,5057,5052)
(11385,32,5016,5022,5027,5033,5039,5044,5050,5055)
(11386,32,5003,5009,5020,5024,5029,5040,5045,5041)
(11387,37,5001,5007,5018,5028,5039,5044,5050,5056,5057)
(11388,4,5027,5038,5048)
(11389,21,5047,5043,5038,5027,5017,5011,5005,5000)
(11390,13,5018,5028,5039,5044,5045,5051)
(11391,47,5031,5042,5052)
(11392,18,5039,5028,5018,5013,5008,5003)
(11393,37,5017,5027,5033,5034,5040)
(11394,26,5030,5041,5051)
(11395,29,5047,5043,5038,5027,5017,5012,5013,5014)
(11396,2,5017,5027,5033,5039,5044,5050,5056,5057,5052,5042,5036,5041)
(11397,32,5039,5028,5018,5007,5001,5006)
(11398,29,5031,5042,5052)
(11399,34,5055,5054,5048,5038,5027,5017,5006)
(11400,26,5001,5006,5017,5027,5032,5037,5047,5053,5048)
(11401,2,5057,5052,5042,5031,5021,5015,5014,5008,5003)
(11402,16,5033,5027,5017,5006)
(11403,7,5026,5016,5011,5006,5000)
(11404,7,5027,5038,5048,5054,5055)
(11405,42,5047,5043,5038,5027,5017,5012,5013,5008,5002)
(11406,13,5026,5032,5038,5048,5054,5055,5056)
(11407,40,5005,5016,5022,5027,5033,5039,5044,5050,5055)
(11408,34,5052,5046,5041,5035,5029)
(11409,47,5009,5020,5024,5029,5040)
(11410,42,5042,5031,5021,5015,5014,5008,5003)
(11411,7,5028,5039,5044,5050,5055)
(11412,32,5018,5028,5039,5044,5045,5051)
(11413,24,5044,5039,5028,5018,5007,5001,5006)
(11414,21,5029,5019,5008,5002,5001,5006,5011,5005)
(11415,42,5039,5033,5027,5017,5006)
(11416,24,5049,5039,5028,5023,5019,5014,5009,5004,5010)
(11417,18,5043,5038,5027,5017,5006,5001,5007,5013,5014,5009,5003)
(11418,10,5048,5038,5027,5017,5012,5013)
(11419,10,5023,5029,5040,5050)
(11420,18,5001,5007,5013,5014,5020,5030,5041,5051,5057,5052)
(11421,26,5018,5028,5039,5044,5050,5055)
(11422,21,5021,5031,5042,5052)
(11423,32,5035,5029,5019,5014,5009,5003)
(11424,21,5001,5007,5018,5028,5039,5044,5050,5055)
(11425,24,5031,5025,5024,5019,5014,5009,5003)
(11426,26,5003,5009,5020,5030,5036,5042,5052,5057,5056,5050,5045)
(11427,16,5037,5026,5022,5017,5012,5013,5008,5002)
(11428,26,5047,5043,5038,5027,5017,5006,5001,5007,5013,5014,5009,5003)
(11429,32,5057,5052,5042,5031,5025,5024,5023,5018)
(11430,4,5031,5042,5052)
(11431,37,5026,5016,5011,5006,5000)
(11432,18,5037,5026,5022,5017,5006,5000,5005)
(11433,18,5040,5029,5019,5014,5015,5010)
(11434,24,5031,5042,5052)
(11435,4,5042,5031,5021,5010,5004,5003,5008,5014)
(11436,45,5038,5027,5022,5016,5011,5006,5000)
(11437,45,5043,5038,5027,5017,5006)
(11438,13,5031,5025,5024,5023,5018,5007)
(11439,10,5016,5022,5027,5033,5039,5044,5050,5055)
(11440,13,5031,5042,5052)
(11441,47,5026,5037,5043,5048,5053)
(11442,32,5027,5022,5016,5011,5006,5000)
(11443,18,5029,5019,5008)
(11444,29,5000,5005,5016,5026,5037,5043,5048,5054,5055)
(11445,29,5057,5052,5042,5031,5025,5024,5023,5018)
(11446,4,5045,5044,5039,5028,5018,5007,5001,5006)
(11447,21,5010,5021,5031,5036,5041,5051,5057,5052)
(11448,18,5027,5022,5016,5011,5006,5000)
(11449,34,5021,5031,5036,5041,5051,5057,5052)
(11450,47,5019,5023,5028,5039,5044,5050,5055)
(11451,45,5043,5037,5026,5022,5017,5006,5000,5005)
(11452,27,5048,5038,5027,5017,5012,5013,5008,5002)
(11453,45,5010,5021,5031)
(11454,10,5004,5003,5002,5007,5018,5028,5033,5038,5048,5053,5047)
(11455,24,5044,5039,5028,5018,5013,5008,5002)
(11456,2,5003,5002,5007,5018,5028,5033,5038,5048,5053,5047)
(11457,32,5030,5041,5051)
(11458,27,5057,5052,5042,5031,5025,5024,5019)
(11459,29,5047,5043,5038,5027,5017,5012,5013)
(11460,10,5050,5040,5029,5019,5008,5003)
(11461,16,5029,5019,5008,5002,5001)
(11462,5,5038,5027,5017,5006,5001,5002,5003,5009,5015,5010)
(11463,13,5031,5025,5024,5019,5014,5009,5003)
(11464,24,5007,5018,5028,5039,5044,5050,5055)
(11465,42,5033,5027,5022,5016,5011,5006,5000)
(11466,29,5048,5038,5027,5017,5006,5001,5002,5008,5014,5009)
(11467,42,5031,5042,5052)
(11468,10,5019,5023,5028,5039,5044,5050,5055)
(11469,45,5023,5024,5030,5041,5051)
(11470,10,5002,5007,5018,5028,5039)
(11471,16,5035,5029,5019,5008,5003)
(11472,2,5029,5019,5008,5002,5001,5006,5011,5005)
(11473,16,5045,5044,5039,5028,5018,5007,5001,5006)
(11474,24,5016,5026,5032,5038,5048,5053,5047)
(11475,10,5019,5023,5028,5039,5044,5050,5055)
(11476,2,5049,5054,5048,5038,5027,5022,5016,5011,5006,5000)
(11477,34,5014,5019,5029,5040,5050)
(11478,7,5016,5022,5027,5032,5037,5047,5053,5048)
(11479,42,5031,5025,5024,5019,5014,5009,5003)
(11480,29,5007,5013,5019,5024,5030,5041,5045,5040)
(11481,34,5001,5007,5018,5028,5039,5044,5050,5055)
(11482,40,5057,5052,5042,5031,5025,5024,5023,5018,5007)
(11483,24,5045,5044,5039,5028,5018)
(11484,42,5050,5044,5039,5028,5018)
(11485,40,5027,5033,5039,5044,5050,5055)
(11486,40,5043,5038,5027,5017,5006)
(11487,37,5027,5033,5039,5044,5045,5051)
(11488,42,5043,5038,5027,5022,5016,5011,5006,5000)
(11489,47,5005,5016,5022,5027,5033,5039,5044,5050,5055)
(11490,18,5031,5042,5052)
(11491,24,5009,5020,5030,5036,5042,5052)
(11492,42,5005,5016,5022,5027,5033,5034,5035,5030,5025,5031)
(11493,42,5047,5043,5038,5027,5017,5006,5001,5002,5003,5009,5015,5010)
(11494,24,5023,5024,5030,5041,5051)
(11495,47,5005,5016,5022,5027,5033,5034,5035,5030,5025,5031)
(11496,10,5052,5042,5031,5025,5024,5019,5008,5002,5001,5006,5011,5005)
(11497,47,5054,5048,5038,5027,5017,5006,5001,5007,5013,5014,5009,5003)
(11498,29,5026,5016,5011,5006,5000)
(11499,42,5007,5018,5028,5039,5044,5050,5056,5057)
(11500,10,5021,5031,5036,5041,5051,5057,5052)
(11501,45,5027,5022,5016,5011,5006,5000)
(11502,27,5027,5038,5048)
(11503,37,5047,5043,5038,5027,5022,5016,5005,5000,5001,5007,5012)
(11504,2,5026,5037,5043,5048,5053)
(11505,21,5017,5027,5032,5037,5047,5053,5048)
(11506,27,5016,5026,5032,5038,5048,5053,5047)
(11507,40,5049,5039,5028,5018,5013,5008,5003)
(11508,16,5020,5030,5041,5051)
(11509,35,5003,5002,5007,5018,5028,5033,5032,5037,5047)
(11510,5,5031,5021,5015,5014,5008,5003)
(11511,29,5027,5017,5006)
(11512,37,5035,5029,5019,5008,5003)
(11513,45,5049,5039,5033,5027)
(11514,21,5003,5002,5007,5018,5028,5033,5038,5048,5053,5047)
(11515,18,5021,5031,5036,5041,5051)
(11516,35,5042,5031,5025,5024,5023,5018,5012,5006,5001)
(11517,5,5007,5018,5028,5033,5038,5048,5053,5047)
(11518,5,5017,5027,5033,5039,5044,5045,5051)
(11519,47,5021,5031,5042,5052)
(11520,5,5031,5042,5052)
(11521,47,5029,5019,5008)
(11522,29,5047,5043,5038,5027,5022,5016,5005)
(11523,40,5021,5031,5036,5041,5051)
(11524,29,5045,5044,5039,5028,5018)
(11525,2,5026,5016,5011,5006,5000)
(11526,35,5019,5024,5030,5036,5042,5052,5057,5056,5050,5045)
(11527,45,5027,5017,5006)
(11528,7,5016,5022,5027,5033,5039,5044,5050,5056,5057,5052,5042,5036,5041)
(11529,21,5026,5032,5038,5048,5054,5055,5056,5057)
(11530,45,5024,5025,5031,5042,5052)
(11531,37,5024,5030,5041,5051)
(11532,27,5007,5018,5028,5039,5044,5050,5056,5057)
(11533,21,5026,5032,5038,5048,5054,5055,5056,5057)
(11534,40,5038,5027,5017,5006,5001,5007,5013,5014,5009,5003)
(11535,5,5049,5039,5028)
(11536,13,5042,5031,5021,5015,5014,5008,5003)
(11537,5,5038,5027,5017,5006)
(11538,10,5004,5009,5020,5024,5023,5028,5034,5040,5050,5055,5049)
(11539,37,5030,5041,5051)
(11540,18,5019,5029,5040,5050)
(11541,24,5042,5031,5025,5024,5023,5018,5007,5001,5006)
(11542,30,5024,5025,5031,5042,5052)
(11543,10,5037,5026,5022,5017,5006,5001,5002,5003,5009,5015,5010)
(11544,10,5029,5023,5018,5007)
(11545,35,5024,5025,5031,5042,5052)
(11546,45,5026,5037,5043,5048,5054,5055)
(11547,42,5020,5024,5023,5028,5033,5032,5037,5047)
(11548,24,5049,5039,5028,5018)
(11549,16,5051,5041,5030,5024)
(11550,16,5013,5019,5029,5040,5050)
(11551,30,5029,5019,5008)
(11552,37,5052,5042,5031,5025,5024,5019,5008,5002,5001,5006,5011,5005)
(11553,18,5039,5028,5018,5013,5008,5003)
(11554,47,5001,5007,5013,5014,5020,5025,5031)
(11555,21,5031,5042,5052)
(11556,40,5052,5042,5031,5025,5024,5023,5018)
(11557,2,5009,5020,5030,5041,5051)
(11558,24,5018,5028,5039,5044,5050,5055)
(11559,32,5035,5029,5019,5008,5002,5001,5006,5011,5005)
(11560,16,5029,5019,5008,5002,5001,5006,5011,5005)
(11561,16,5020,5030,5036,5042,5052,5057,5056,5050,5045)
(11562,5,5031,5042,5052)
(11563,47,5025,5031,5042,5052)
(11564,27,5019,5029,5040,5050,5055,5054)
(11565,35,5018,5028,5039,5044,5050,5056,5057,5052,5042,5036,5041)
(11566,21,5027,5017,5006)
(11567,45,5018,5028,5039,5044,5045,5051)
(11568,45,5038,5027,5017,5006,5001,5002,5008,5014,5009)
(11569,3,5031,5042,5052)
(11570,40,5027,5022,5016,5011,5006,5000)
(11571,16,5038,5027,5022,5016,5011)
(11572,27,5046,5042,5031,5021,5015,5014,5008,5003)
(11573,45,5001,5007,5018,5028,5039,5044,5050,5055)
(11574,42,5029,5019,5008,5002,5001,5006,5011,5005)
(11575,19,5021,5031,5042,5052,5057,5056,5055,5054,5053)
(11576,27,5013,5019,5029,5040,5050)
(11577,27,5024,5025,5031,5042,5052)
(11578,32,5025,5031,5042,5052)
(11579,32,5027,5038,5048)
(11580,32,5030,5024,5019,5008,5002,5001)
(11581,3,5026,5016,5011,5006,5000)
(11582,48,5017,5022,5026,5037,5043,5048,5053)
(11583,35,5042,5031,5021,5010)
(11584,35,5027,5033,5039,5044,5045,5051)
(11585,48,5048,5043,5037,5032,5033,5028,5023,5019,5014,5009,5004,5010)
(11586,19,5027,5022,5016,5011,5006,5000)
(11587,24,5010,5004,5003,5008,5019,5029,5040,5050)
(11588,35,5006,5017,5022,5026,5032,5038,5048,5053,5047)
(11589,24,5042,5052,5057,5056,5050,5040,5029,5019,5008,5002,5001)
(11590,7,5017,5027,5038,5048)
(11591,13,5037,5026,5022,5017,5012,5013,5008,5002)
(11592,21,5026,5016,5011,5006,5000)
(11593,7,5020,5030,5036,5042,5052)
(11594,45,5031,5025,5024,5019,5008,5002,5001,5006,5011,5005)
(11595,16,5017,5027,5038,5048,5054,5055)
(11596,48,5021,5031,5042,5052)
(11597,27,5027,5017,5006)
(11598,27,5021,5031,5042,5052,5057,5056,5055,5054,5053)
(11599,13,5030,5041,5051)
(11600,10,5038,5027,5017,5006,5001,5007,5013,5014,5009,5003)
(11601,21,5027,5017,5006)
(11602,13,5048,5038,5027,5017,5006,5001,5007,5013,5014,5009,5003)
(11603,21,5038,5027,5022,5016,5011)
(11604,27,5038,5027,5017,5012,5013,5008,5002)
(11605,27,5009,5020,5024,5023,5028,5034,5040,5050,5055,5049)
(11606,10,5007,5018,5028,5039,5044,5050,5056,5057)
(11607,42,5052,5042,5031,5021,5010)
(11608,42,5038,5027,5017,5012,5013,5008,5002)
(11609,21,5050,5040,5029,5019)
(11610,32,5030,5041,5051)
(11611,16,5050,5044,5039,5028,5018,5013,5008,5002)
(11612,37,5002,5007,5018,5028,5039,5044,5050,5055)
(11613,45,5016,5022,5027,5033,5039,5044,5045,5041,5036,5042)
(11614,30,5003,5002,5007,5018,5028,5039,5044,5050,5055)
(11615,16,5020,5024,5029,5040,5050,5055,5054)
(11616,5,5029,5023,5018,5007)
(11617,13,5001,5007,5018,5028)
(11618,40,5007,5018,5028,5034,5040)
(11619,5,5002,5007,5018,5028,5039,5044,5050,5055)
(11620,21,5040,5029,5019,5008,5003)
(11621,37,5001,5007,5013,5019,5024,5030,5041,5045,5040)
(11622,32,5037,5026,5022,5017,5006,5001,5002,5008,5014,5009)
(11623,37,5026,5016,5011,5006,5000)
(11624,43,5020,5030,5036,5042,5052,5057,5056,5050,5045)
(11625,32,5002,5007,5018,5028,5033,5038,5048,5053,5047)
(11626,16,5057,5052,5042,5031,5025,5024,5023,5018,5007)
(11627,13,5042,5031,5021,5015,5014,5008,5003)
(11628,32,5038,5027,5017,5006)
(11629,27,5004,5009,5020,5030,5036,5042,5052)
(11630,48,5023,5024,5025,5031,5042,5052)
(11631,13,5042,5052,5057,5056,5050,5040,5029,5019,5008,5002,5001)
(11632,27,5024,5030,5041,5051)
(11633,30,5025,5031,5042,5052)
(11634,48,5026,5016,5011,5006,5000)
(11635,21,5001,5007,5018,5028,5039,5044,5045,5051)
(11636,10,5031,5042,5052)
(11637,21,5035,5029,5019,5014,5009,5003)
(11638,37,5003,5009,5020,5030,5036,5042,5052,5057,5056,5050,5045)
(11639,32,5030,5041,5051)
(11640,13,5029,5019,5008)
(11641,43,5031,5025,5024,5023,5018,5007)
(11642,27,5057,5052,5042,5031,5025,5024,5023,5018,5007)
(11643,5,5047,5037,5026)
(11644,45,5038,5027,5017,5006,5001,5002,5008,5014,5009)
(11645,43,5030,5041,5051)
(11646,27,5051,5056,5055,5054,5048,5038,5027,5017,5006)
(11647,48,5007,5018,5028,5039)
(11648,21,5048,5038,5027,5022,5016,5011)
(11649,35,5031,5042,5052)
(11650,37,5031,5021,5015,5009,5004)
(11651,13,5045,5044,5049,5054,5053,5047,5037,5026,5022,5017,5006,5000,5005)
(11652,16,5007,5018,5028,5033,5032,5037,5047)
(11653,43,5029,5040,5050)
(11654,16,5021,5031,5042,5052,5057,5056,5055,5054)
(11655,37,5017,5027,5033,5039,5044,5050,5056,5057)
(11656,37,5035,5029,5019,5008,5002,5001,5006,5011,5005)
(11657,30,5016,5022,5027,5038,5048,5054,5055)
(11658,32,5009,5020,5024,5029,5040)
(11659,7,5030,5041,5051)
(11660,37,5049,5054,5048,5038,5027,5022,5016,5011,5006,5000)
(11661,24,5049,5039,5033,5032,5026)
(11662,10,5001,5007,5018,5028,5039,5044,5045,5051)
(11663,21,5031,5042,5052)
(11664,3,5031,5042,5052)
(11665,27,5026,5032,5038,5048,5054,5055,5056,5057)
(11666,21,5039,5028,5018,5007,5001,5006)
(11667,45,5029,5019,5008,5002,5001,5006,5011,5005)
(11668,24,5021,5031,5042,5052,5057,5056,5055,5054,5053)
(11669,13,5004,5010,5021,5025,5030,5041,5046,5042)
(11670,13,5049,5039,5028)
(11671,40,5056,5057,5052,5042,5031,5021)
(11672,3,5024,5025,5031,5042,5052)
(11673,32,5004,5010,5021,5025,5030,5041,5046,5042)
(11674,3,5047,5043,5038,5027,5022,5016,5005,5000,5001,5007,5012)
(11675,37,5007,5018,5028,5033,5032,5037,5047)
(11676,48,5009,5020,5030,5041,5051)
(11677,21,5042,5031,5021)
(11678,32,5050,5044,5039,5033,5032,5026)
(11679,14,5004,5009,5020,5030,5036,5042,5052)
(11680,24,5025,5031,5042,5052)
(11681,35,5018,5028,5039,5044,5050,5056,5057)
(11682,32,5023,5024,5025,5031,5042,5052)
(11683,40,5017,5022,5026,5037,5043,5048,5053)
(11684,37,5005,5016,5022,5027,5032)
(11685,10,5052,5042,5031,5025,5024,5023,5018)
(11686,27,5017,5027,5033,5039,5044,5050,5056,5057,5052,5042,5036,5041)
(11687,5,5026,5032,5038,5048,5054,5055,5056,5057)
(11688,48,5027,5033,5039,5044,5045,5051)
(11689,7,5048,5043,5037,5026)
(11690,7,5029,5023,5018,5007)
(11691,21,5016,5022,5027,5033,5034,5040)
(11692,35,5042,5031,5025,5024,5023,5018)
(11693,27,5003,5002,5007,5018,5028,5033,5032,5037,5047)
(11694,19,5035,5029,5019,5008,5002,5001,5006,5011,5005)
(11695,32,5030,5041,5051)
(11696,48,5026,5016,5011,5006,5000)
(11697,5,5026,5037,5043,5048,5053)
(11698,14,5040,5029,5019)
(11699,5,5021,5031,5042,5052,5057,5056,5055,5054,5053)
(11700,5,5002,5007,5012,5017,5027,5038,5048)
(11701,40,5026,5016,5011,5006,5000)
(11702,48,5003,5008,5019,5029,5040,5050)
(11703,30,5033,5027,5022,5016,5011,5006,5000)
(11704,37,5025,5031,5042,5052)
(11705,3,5024,5030,5041,5051)
(11706,32,5029,5040,5050)
(11707,10,5016,5022,5027,5033,5039,5044,5050,5055)
(11708,21,5016,5022,5027,5032,5037,5047,5053,5048)
(11709,45,5052,5042,5031,5021,5010,5004,5003,5008,5014)
(11710,21,5019,5023,5028,5033,5032,5037,5043,5048,5053)
(11711,30,5029,5019,5008,5002,5001,5006,5011,5005)
(11712,19,5022,5027,5038,5048)
(11713,35,5030,5041,5051)
(11714,16,5005,5016,5022,5027,5033,5039,5044,5045,5041,5036,5042)
(11715,7,5042,5031,5025,5024,5019,5008,5002,5001,5006,5011,5005)
(11716,24,5023,5024,5030,5041,5051)
(11717,3,5017,5027,5033,5039,5044,5050,5056,5057,5052,5042,5036,5041)
(11718,27,5045,5044,5049,5054,5053,5047,5037,5026,5022,5017,5006,5000,5005)
(11719,37,5026,5016,5011,5006,5000)
(11720,24,5001,5007,5018,5028,5034,5040)
(11721,19,5039,5028,5018,5013,5008,5003)
(11722,37,5011,5017,5027,5038,5048)
(11723,43,5003,5009,5020,5024,5029,5040,5045,5041)
(11724,10,5021,5031,5036,5041,5051,5057,5052)
(11725,14,5019,5024,5025,5031,5042,5052)
(11726,21,5026,5037,5043,5048,5053)
(11727,35,5005,5016,5022,5027,5033,5034,5035,5030,5025,5031)
(11728,32,5031,5025,5024,5019,5008,5002,5001,5006,5011,5005)
(11729,16,5047,5043,5038,5027,5022,5016,5005)
(11730,32,5001,5007,5018,5028,5039,5044,5050,5056,5057,5052,5042,5036,5041)
(11731,16,5049,5039,5028,5018,5013,5008,5002)
(11732,35,5052,5042,5031,5021,5010,5004,5003,5008,5014)
(11733,10,5027,5033,5039,5044,5050,5055)
(11734,24,5028,5018,5013,5008,5002)
(11735,19,5046,5042,5031,5025,5024,5019,5014,5009,5003)
(11736,37,5057,5052,5042,5031,5021,5015,5014,5008,5003)
(11737,43,5055,5054,5048,5038,5027,5017,5006)
(11738,48,5002,5001,5006,5017,5027,5032,5037,5047,5053,5048)
(11739,37,5019,5029,5035,5041,5051,5056,5050)
(11740,45,5031,5025,5024,5023,5018,5007)
(11741,37,5027,5033,5039,5044,5050,5056,5057)
(11742,32,5010,5021,5031,5036,5041,5051,5057,5052)
(11743,45,5027,5038,5048)
(11744,10,5028,5018,5013,5008,5002)
(11745,16,5057,5052,5042,5031,5025,5024,5019,5014,5009,5003)
(11746,43,5031,5025,5024,5019,5014,5009,5003)
(11747,3,5003,5009,5020,5030,5041,5051)
(11748,19,5027,5017,5006)
(11749,30,5016,5022,5027,5033,5039,5044,5050,5055)
(11750,19,5017,5027,5032,5037,5047,5053,5048)
(11751,21,5040,5029,5019,5008,5003)
(11752,30,5052,5042,5031,5025,5024,5023,5028,5033,5032,5026)
(11753,24,5026,5032,5038,5048,5054,5055,5056)
(11754,7,5019,5024,5025,5031,5042,5052)
(11755,43,5000,5006,5017,5027,5032,5037,5047,5053,5048)
(11756,48,5031,5021,5015,5009,5004)
(11757,32,5010,5021,5031,5036,5041,5051,5057,5052)
(11758,40,5029,5040,5050)
(11759,43,5031,5042,5052)
(11760,48,5052,5042,5031,5025,5024,5023,5018,5007,5001,5006)
(11761,32,5031,5021,5015,5014,5008,5003)
(11762,24,5001,5007,5018,5028,5034,5040)
(11763,10,5045,5044,5049,5054,5053,5047,5037,5026,5022,5017,5006,5000,5005)
(11764,11,5047,5043,5038,5027,5017,5006,5001,5007,5013,5014,5009,5003)
(11765,48,5047,5043,5038,5027,5017,5006,5001,5002,5003,5009,5015,5010)
(11766,21,5001,5007,5018,5028,5039,5044,5045,5051)
(11767,45,5016,5022,5027,5033,5039,5044,5050,5056,5057,5052,5042,5036,5041)
(11768,11,5044,5039,5033,5027,5017,5006)
(11769,3,5000,5006,5017,5022,5026,5037,5043,5048,5054,5055)
(11770,27,5018,5028,5039,5044,5050,5055)
(11771,14,5033,5027,5022,5016,5011,5006,5000)
(11772,14,5001,5007,5018,5028,5039,5044,5045,5051)
(11773,22,5007,5018,5028)
(11774,7,5048,5038,5033,5028,5018)
(11775,7,5038,5027,5022,5016,5011)
(11776,24,5007,5018,5028,5039)
(11777,32,5019,5029,5035,5041,5051,5056,5050)
(11778,14,5019,5023,5028,5033,5032,5037,5043,5048,5053)
(11779,30,5040,5029,5019,5008,5002,5001,5006,5011,5005)
(11780,8,5038,5027,5017,5006,5001,5007,5013,5014,5009,5003)
(11781,16,5017,5027,5033,5039,5044,5050,5056,5057)
(11782,24,5042,5052,5057,5056,5050,5040,5029,5019,5008,5002,5001)
(11783,3,5047,5043,5038,5027,5017,5006,5001,5002,5008,5014,5009)
(11784,16,5029,5040,5050)
(11785,37,5038,5027,5017,5006,5001,5007,5013,5014,5009,5003)
(11786,37,5045,5044,5039,5028,5018,5007,5001,5006)
(11787,27,5050,5044,5039,5028)
(11788,11,5003,5008,5019,5029,5040,5050)
(11789,5,5039,5028,5018,5013,5008,5002)
(11790,22,5037,5026,5022,5017,5006,5001,5002,5008,5014,5009)
(11791,14,5042,5031,5025,5024,5023,5018,5012,5006,5001)
(11792,48,5038,5027,5017,5006,5001,5002,5008,5014,5009)
(11793,14,5017,5022,5026,5037,5043,5048,5053)
(11794,5,5049,5054,5048,5038,5027,5017,5006,5000,5005)
(11795,45,5049,5039,5028)
(11796,45,5031,5042,5052)
(11797,33,5026,5016,5011,5006,5000)
(11798,16,5027,5038,5048,5054,5055)
(11799,45,5031,5021,5015,5014,5008,5003)
(11800,40,5001,5007,5018,5028)
(11801,8,5018,5028,5034,5040)
(11802,11,5031,5042,5052)
(11803,16,5003,5009,5020,5030,5036,5042,5052)
(11804,30,5030,5041,5051)
(11805,19,5038,5027,5017,5006,5001,5002,5003,5009,5015,5010)
(11806,40,5031,5021,5015,5009,5004)
(11807,8,5031,5042,5052)
(11808,35,5027,5022,5016,5011,5006,5000)
(11809,19,5027,5017,5006)
(11810,16,5016,5026,5032,5038,5048,5053,5047)
(11811,11,5001,5007,5018,5028)
(11812,35,5033,5027,5017,5006)
(11813,3,5014,5019,5029,5040,5050)
(11814,48,5054,5048,5038,5027,5017,5006)
(11815,24,5004,5003,5002,5007,5018,5028,5033,5038,5048,5053,5047)
(11816,24,5047,5043,5038,5027,5017,5011,5005,5000)
(11817,3,5046,5042,5031,5025,5024,5019,5008,5002,5001,5006,5011,5005)
(11818,48,5000,5006,5017,5022,5026,5037,5043,5038)
(11819,5,5005,5016,5022,5027,5033,5034,5029,5024,5025,5031,5036)
(11820,35,5007,5018,5028,5034,5040)
(11821,14,5042,5031,5025,5024,5023,5018,5012,5006,5000,5005)
(11822,11,5027,5038,5048,5054,5055)
(11823,45,5001,5007,5018,5028,5034,5029,5024,5025,5031,5036)
(11824,14,5047,5043,5038,5027,5022,5016,5005)
(11825,3,5024,5030,5041,5051)
(11826,14,5021,5031,5036,5041,5051,5057,5052)
(11827,8,5029,5019,5008,5002,5001,5006,5011,5005)
(11828,8,5029,5023,5018,5007)
(11829,22,5011,5017,5027,5038,5048)
(11830,16,5031,5025,5024,5019,5008,5002,5001,5006,5011,5005)
(11831,14,5001,5007,5013,5019,5024,5030,5041,5045,5040)
(11832,11,5026,5037,5043,5048,5053)
(11833,48,5037,5026,5022,5017,5006,5000,5005)
(11834,19,5026,5032,5038,5048,5054,5055,5056,5057)
(11835,43,5010,5004,5003,5008,5019,5029,5040,5050)
(11836,3,5004,5003,5002,5007,5018,5028,5033,5032,5037,5047)
(11837,8,5027,5022,5016,5011,5006,5000)
(11838,27,5045,5044,5039,5028,5018,5007,5001,5006)
(11839,43,5016,5022,5027,5032,5037,5047,5053,5048)
(11840,14,5033,5027,5017,5006)
(11841,3,5031,5042,5052)
(11842,5,5052,5042,5031,5025,5024,5023,5018,5007)
(11843,24,5027,5033,5039,5044,5050,5056,5057)
(11844,16,5033,5027,5017,5006)
(11845,48,5040,5029,5019,5008,5002,5001,5006,5011,5005)
(11846,37,5026,5037,5043,5048,5054,5055)
(11847,35,5044,5039,5033,5027,5017,5006)
(11848,22,5017,5022,5026,5037,5043,5048,5053)
(11849,19,5047,5043,5038,5027,5017,5012,5013)
(11850,5,5031,5042,5052)
(11851,40,5031,5042,5052)
(11852,8,5001,5007,5013,5014,5020,5030,5041,5051,5057,5052)
(11853,48,5005,5016,5022,5027,5033,5039,5044,5045,5051)
(11854,46,5004,5009,5020,5030,5036,5042,5052)
(11855,46,5028,5018,5013,5008,5002)
(11856,3,5024,5025,5031,5042,5052)
(11857,8,5005,5016,5022,5027,5033,5039,5044,5050,5055)
(11858,33,5042,5031,5021)
(11859,14,5017,5027,5033,5039,5044,5050,5056,5057,5052,5042,5036,5041)
(11860,35,5019,5024,5025,5031,5042,5052)
(11861,16,5030,5041,5051)
(11862,19,5010,5004,5003,5008,5019,5029,5040,5050)
(11863,35,5007,5018,5028,5039)
(11864,27,5019,5024,5025,5031,5036,5041,5051,5057,5052)
(11865,11,5017,5027,5038,5048)
(11866,19,5017,5027,5033,5039,5044,5045,5041,5036,5042)
(11867,22,5052,5042,5031,5025,5024,5023,5028,5033,5027)
(11868,27,5026,5016,5011,5006,5000)
(11869,5,5005,5016,5022,5027,5033,5039)
(11870,5,5029,5023,5018,5007)
(11871,16,5023,5024,5025,5031,5042,5052)
(11872,33,5038,5027,5017,5012,5013,5008,5002)
(11873,11,5029,5023,5018,5007)
(11874,11,5038,5027,5017,5006,5001,5002,5008,5014,5009)
(11875,24,5028,5039,5044,5050,5055)
(11876,35,5049,5039,5028,5018)
(11877,27,5020,5030,5036,5042,5052,5057,5056,5050,5045)
(11878,46,5027,5022,5016,5011,5006,5000)
(11879,19,5028,5018,5013,5008,5002)
(11880,3,5007,5018,5028,5033,5038,5048,5053,5047)
(11881,43,5001,5007,5018,5028,5039,5044,5045,5051)
(11882,30,5007,5018,5028,5039,5044,5050,5056,5057,5052,5042,5036,5041)
(11883,35,5005,5016,5022,5027,5033,5039)
(11884,27,5052,5042,5031,5025,5024,5023,5028,5033,5027)
(11885,48,5026,5037,5043,5048,5054,5055)
(11886,43,5040,5029,5019,5014,5015,5010)
(11887,48,5016,5022,5027,5033,5039,5044,5050,5055)
(11888,43,5021,5031,5042,5052,5057,5056,5055,5054)
(11889,16,5031,5025,5024,5023,5018,5007)
(11890,11,5005,5016,5022,5027,5032)
(11891,40,5048,5038,5027,5017,5006)
(11892,35,5005,5016,5022,5027,5033,5039,5044,5050,5056,5057)
(11893,43,5033,5027,5017,5006)
(11894,24,5049,5054,5048,5038,5027,5017,5006,5000,5005)
(11895,46,5052,5042,5031,5025,5024,5023,5018)
(11896,8,5021,5031,5036,5041,5051,5057,5052)
(11897,43,5037,5026,5022,5017,5012,5013,5008,5002)
(11898,8,5043,5038,5027,5017,5006)
(11899,5,5049,5054,5048,5038,5027,5022,5016,5011,5006,5000)
(11900,22,5026,5037,5043,5048,5053)
(11901,11,5002,5007,5018,5028,5039)
(11902,43,5037,5026,5022,5017,5012,5013,5008,5002)
(11903,22,5020,5030,5036,5042,5052)
(11904,40,5037,5026,5022,5017,5012,5013,5008,5002)
(11905,30,5038,5027,5022,5016,5011,5006,5000)
(11906,27,5021,5031,5042,5052,5057,5056,5050,5044,5049)
(11907,40,5016,5022,5027,5033,5039,5044,5045,5041,5036,5042)
(11908,14,5031,5042,5052)
(11909,46,5023,5024,5025,5031,5042,5052)
(11910,24,5007,5018,5028,5039)
(11911,3,5001,5007,5013,5014,5020,5025,5031)
(11912,46,5056,5057,5052,5042,5031,5021,5015,5009,5004)
(11913,5,5051,5056,5055,5054,5048,5038,5027,5017,5006)
(11914,43,5056,5057,5052,5042,5031,5021)
(11915,43,5017,5027,5033,5039,5044,5050,5056,5057)
(11916,8,5018,5028,5039,5044,5050,5056,5057,5052,5042,5036,5041)
(11917,14,5046,5042,5031,5021,5015,5014,5008,5003)
(11918,46,5027,5017,5006)
(11919,33,5057,5052,5042,5031,5025,5024,5019,5008,5002,5001,5006,5011,5005)
(11920,43,5005,5016,5022,5027,5033,5034,5040)
(11921,24,5046,5042,5031,5025,5024,5019,5008,5002,5001,5006,5011,5005)
(11922,40,5019,5024,5030,5041,5051)
(11923,43,5045,5044,5039,5028,5018,5007,5001,5006)
(11924,37,5024,5025,5031,5042,5052)
(11925,8,5013,5019,5029,5040,5050)
(11926,27,5042,5031,5025,5024,5023,5018,5012,5006,5000,5005)
(11927,19,5027,5033,5039,5044,5050,5056,5057)
(11928,22,5039,5028,5018,5007,5001,5006)
(11929,19,5024,5025,5031,5042,5052)
(11930,30,5003,5002,5007,5018,5028,5033,5032,5037,5047)
(11931,38,5025,5031,5042,5052)
(11932,8,5029,5019,5008,5002,5001,5006,5011,5005)
(11933,16,5023,5029,5040,5050)
(11934,3,5026,5016,5011,5006,5000)
(11935,38,5026,5037,5043,5048,5053)
(11936,38,5016,5022,5027,5038,5048,5054,5055)
(11937,16,5057,5052,5042,5031,5025,5024,5023,5018,5007)
(11938,5,5031,5025,5024,5019,5014,5009,5003)
(11939,11,5027,5022,5016,5011,5006,5000)
(11940,30,5046,5042,5031,5025,5024,5019,5008,5002,5001,5006,5011,5005)
(11941,27,5019,5029,5040,5050)
(11942,27,5023,5024,5030,5041,5051)
(11943,19,5020,5030,5041,5051)
(11944,3,5052,5042,5031,5021,5010,5004,5003,5008,5014)
(11945,40,5031,5025,5024,5019,5014,5009,5003)
(11946,24,5025,5031,5042,5052)
(11947,14,5021,5031,5042,5052,5057,5056,5055,5054)
(11948,46,5040,5029,5019,5014,5009,5003)
(11949,48,5027,5017,5006)
(11950,40,5020,5030,5041,5051,5057,5052)
(11951,5,5052,5042,5031,5025,5024,5023,5018,5007)
(11952,30,5035,5029,5019,5008,5002,5001,5006,5011,5005)
(11953,33,5006,5017,5027,5032,5037,5047,5053,5048)
(11954,30,5052,5042,5031,5021,5015,5014,5008,5003)
(11955,27,5017,5027,5033,5039)
(11956,19,5042,5031,5025,5024,5023,5018)
(11957,19,5021,5031,5042,5052,5057,5056,5050,5044,5049)
(11958,33,5026,5016,5011,5006,5000)
(11959,5,5024,5030,5041,5051)
(11960,48,5052,5046,5041,5030)
(11961,30,5042,5031,5025,5024,5023,5018,5012,5006,5000,5005)
(11962,14,5052,5042,5031,5021,5015,5014,5008,5003)
(11963,8,5024,5030,5041,5051)
(11964,43,5051,5041,5035,5029,5019,5014,5020)
(11965,43,5020,5024,5023,5028,5039,5044,5050,5055)
(11966,35,5033,5027,5022,5016,5011,5006,5000)
(11967,40,5028,5018,5013,5008,5002)
(11968,22,5035,5029,5019,5008,5002,5001,5006,5011,5005)
(11969,27,5052,5042,5031,5025,5024,5023,5018,5012,5006,5000,5005)
(11970,33,5002,5007,5018,5028,5033,5038,5048,5053,5047)
(11971,3,5057,5052,5042,5031,5021,5010)
(11972,8,5029,5019,5008,5002,5001,5006,5011,5005)
(11973,14,5048,5038,5033,5028,5018)
(11974,46,5016,5022,5027,5033,5034,5040)
(11975,16,5031,5025,5024,5019,5008,5002,5001,5006,5011,5005)
(11976,33,5033,5027,5022,5016,5011,5006,5000)
(11977,11,5020,5030,5041,5051,5057,5052)
(11978,35,5050,5040,5029,5019)
(11979,24,5046,5042,5031,5021,5015,5009,5004)
(11980,11,5042,5052,5057,5056,5050,5040,5029,5019,5008,5002,5001)
(11981,22,5026,5037,5043,5048,5054)
(11982,30,5027,5038,5048)
(11983,38,5035,5029,5019,5008,5002,5001,5006,5011,5005)
(11984,30,5020,5024,5023,5028,5033,5032,5037,5047)
(11985,8,5024,5030,5041,5051)
(11986,22,5004,5003,5002,5007,5012,5017,5027,5038,5048)
(11987,33,5039,5028,5018,5013,5008,5002)
(11988,46,5030,5041,5051)
(11989,5,5047,5043,5038,5033,5028,5018)
(11990,19,5001,5007,5018,5028,5039,5044,5050,5056,5057,5052,5042,5036,5041)
(11991,5,5026,5016,5011,5006,5000)
(11992,22,5007,5013,5014,5020,5030,5041,5051,5057,5052)
(11993,8,5021,5031,5036,5041,5051,5057,5052)
(11994,33,5003,5009,5020,5030,5041,5051)
(11995,3,5020,5024,5023,5028,5033,5032,5037,5047)
(11996,35,5028,5018,5013,5008,5002)
(11997,30,5049,5039,5028,5023,5019,5014,5009,5004,5010)
(11998,24,5029,5040,5050)
(11999,27,5050,5044,5039,5033,5027)
(12000,8,5049,5039,5028,5018,5007,5001,5006)
(12001,24,5005,5016,5022,5027,5033,5034,5040)
(12002,24,5029,5019,5008,5002,5001)
(12003,5,5024,5030,5041,5051)
(12004,22,5046,5042,5031,5021,5015,5009,5004)
(12005,5,5030,5041,5051)
(12006,33,5025,5031,5042,5052)
(12007,25,5010,5021,5031,5036,5041,5051,5057,5052)
(12008,33,5054,5048,5038,5027,5017,5006,5001,5007,5013,5014,5009,5003)
(12009,5,5055,5054,5048,5038,5027,5017,5006)
(12010,22,5030,5041,5051)
(12011,8,5029,5019,5008,5002,5001)
(12012,22,5000,5005,5016,5026,5037,5043,5048,5054,5055)
(12013,46,5028,5018,5013,5008,5002)
(12014,30,5020,5024,5023,5028,5039,5044,5050,5055)
(12015,22,5030,5041,5051)
(12016,43,5016,5022,5027,5033,5039,5044,5050,5055)
(12017,30,5025,5031,5042,5052)
(12018,19,5004,5009,5020,5024,5029,5040)
(12019,35,5026,5037,5043,5048,5053)
(12020,5,5003,5002,5001,5006,5017,5027,5032,5037,5047,5053,5048)
(12021,46,5028,5039,5044,5050,5055)
(12022,22,5016,5022,5027,5033,5039,5044,5045,5041,5036,5042)
(12023,43,5026,5016,5011,5006,5000)
(12024,25,5029,5023,5018,5007)
(12025,11,5016,5022,5027,5033,5034,5040)
(12026,25,5039,5033,5027,5017,5006)
(12027,17,5019,5029,5040,5050,5055,5054)
(12028,43,5019,5023,5028,5039,5044,5050,5055)
(12029,5,5000,5005,5016,5026,5037,5043,5048,5054,5055)
(12030,14,5007,5018,5028,5039,5044,5050,5056,5057)
(12031,11,5004,5009,5020,5030,5036,5042,5052,5057,5056,5050,5045)
(12032,46,5047,5043,5038,5027,5017,5012,5013,5014)
(12033,40,5027,5022,5016,5011,5006,5000)
(12034,11,5043,5037,5026,5022,5017,5006,5000,5005)
(12035,30,5025,5031,5042,5052)
(12036,30,5004,5003,5008,5019,5029,5040,5050)
(12037,25,5028,5018,5013,5008,5002)
(12038,22,5007,5013,5014,5020,5030,5041,5051,5057,5052)
(12039,46,5019,5024,5030,5036,5042,5052,5057,5056,5050,5045)
(12040,8,5023,5029,5040,5050)
(12041,35,5019,5023,5028,5039,5044,5050,5055)
(12042,33,5009,5020,5024,5029,5040)
(12043,3,5026,5032,5038,5048,5054,5055,5056)
(12044,48,5049,5039,5028,5023,5019)
(12045,48,5026,5032,5038,5048,5054,5055,5056,5057)
(12046,8,5026,5016,5011,5006,5000)
(12047,48,5050,5044,5039,5033,5032,5026)
